nFreqs	710;
waveHeights
710
(
( 2.25280538e-03)
( 1.61952855e-02)
( 2.86287047e-02)
( 7.69508511e-03)
( 2.73574983e-03)
( 5.40785732e-03)
( 3.43354106e-03)
( 3.21678722e-03)
( 1.33592794e-03)
( 2.50499785e-03)
( 1.47207721e-03)
( 2.91214408e-03)
( 2.49277025e-03)
( 4.23027963e-03)
( 1.76232163e-03)
( 6.61848121e-03)
( 8.90981407e-03)
( 4.85231067e-03)
( 5.30439860e-03)
( 7.17706626e-03)
( 5.62126608e-03)
( 1.83369122e-03)
( 3.86549597e-03)
( 3.75333609e-03)
( 2.18040897e-03)
( 1.41796442e-02)
( 3.41080858e-02)
( 1.25841341e-02)
( 1.33723836e-02)
( 2.65526748e-02)
( 3.20988239e-02)
( 3.01974595e-02)
( 1.23696025e-02)
( 6.48916871e-02)
( 3.65308132e-02)
( 3.35229055e-02)
( 7.59550374e-02)
( 5.36575787e-02)
( 3.49152527e-02)
( 1.01513927e-02)
( 6.39475495e-02)
( 2.46394703e-02)
( 2.64810465e-02)
( 3.30132401e-02)
( 3.87999292e-02)
( 5.47845250e-02)
( 5.65806275e-02)
( 2.38714123e-02)
( 2.72541850e-02)
( 9.45444652e-02)
( 1.16528937e-01)
( 2.96148681e-02)
( 2.26897254e-02)
( 4.73367331e-02)
( 3.11727080e-02)
( 7.24304625e-02)
( 3.53055407e-02)
( 3.78278423e-02)
( 8.06907446e-02)
( 3.21348371e-02)
( 2.40174626e-02)
( 4.48389311e-02)
( 3.77347322e-02)
( 4.73360804e-02)
( 2.94734135e-02)
( 5.11693902e-02)
( 5.17980435e-02)
( 4.10973298e-02)
( 1.71088433e-02)
( 4.39426919e-02)
( 4.48887160e-02)
( 4.25748636e-02)
( 4.20039754e-02)
( 2.91652517e-02)
( 4.90584367e-02)
( 3.64946743e-02)
( 1.33654049e-02)
( 1.45103507e-02)
( 7.01161865e-02)
( 1.94540644e-02)
( 5.58700257e-02)
( 4.48196914e-02)
( 4.09205754e-02)
( 1.89659850e-02)
( 2.03988650e-02)
( 2.71836077e-02)
( 1.15269736e-02)
( 1.19083835e-02)
( 1.22708192e-02)
( 7.54786705e-03)
( 1.16073456e-02)
( 1.00891121e-02)
( 9.40414823e-03)
( 3.20947879e-02)
( 2.03677865e-02)
( 1.06303175e-02)
( 1.43815792e-02)
( 2.33747005e-02)
( 1.30608752e-02)
( 1.10192250e-02)
( 1.14981827e-02)
( 3.10893705e-02)
( 1.35151207e-02)
( 1.73736191e-02)
( 2.72206460e-02)
( 2.15930091e-02)
( 1.61105117e-02)
( 5.09460669e-03)
( 1.26798094e-02)
( 9.05422588e-03)
( 1.87044343e-02)
( 2.03181289e-02)
( 9.63972292e-03)
( 6.83114457e-03)
( 1.13069034e-02)
( 1.33339527e-02)
( 2.28894594e-02)
( 8.88046911e-03)
( 8.42082293e-03)
( 1.96998442e-02)
( 7.80685967e-03)
( 1.01603820e-02)
( 2.24001952e-03)
( 1.74370209e-02)
( 3.28481264e-03)
( 1.54274337e-02)
( 5.07861950e-03)
( 4.93171109e-03)
( 1.10053655e-02)
( 7.50224167e-03)
( 1.20887971e-02)
( 1.51919684e-03)
( 3.78776189e-03)
( 8.06406242e-03)
( 9.42660350e-03)
( 9.11545508e-03)
( 3.48299430e-04)
( 1.08268570e-02)
( 1.38683116e-02)
( 1.11319358e-02)
( 9.37947762e-03)
( 1.47663140e-02)
( 8.05079090e-03)
( 4.53239922e-03)
( 1.60589669e-02)
( 8.50755333e-03)
( 6.06147389e-03)
( 7.60547173e-03)
( 1.17276988e-02)
( 5.51985844e-03)
( 5.19344973e-03)
( 3.07267634e-03)
( 6.96949151e-03)
( 6.34304173e-03)
( 1.00969483e-02)
( 1.17272960e-02)
( 2.02925091e-03)
( 5.05253915e-03)
( 9.63235915e-03)
( 1.81549348e-03)
( 7.61435518e-03)
( 1.08566964e-02)
( 2.34122300e-03)
( 6.45447325e-03)
( 5.08068946e-03)
( 6.56198883e-03)
( 1.32555694e-03)
( 3.12405616e-03)
( 2.26177498e-03)
( 4.23660336e-03)
( 9.38533658e-03)
( 2.64641031e-03)
( 5.44026650e-03)
( 3.02114253e-03)
( 4.25559142e-03)
( 5.48450655e-03)
( 1.79816062e-03)
( 6.66127878e-03)
( 3.82314918e-03)
( 9.95578172e-04)
( 9.78198872e-04)
( 4.34692905e-03)
( 4.13200905e-03)
( 2.98485944e-03)
( 3.66024663e-03)
( 3.33147034e-03)
( 4.13536798e-03)
( 4.18108004e-03)
( 3.22942540e-03)
( 8.12688867e-03)
( 3.94503529e-03)
( 4.25230466e-03)
( 6.73181582e-03)
( 7.72644460e-03)
( 6.37788539e-04)
( 8.22722209e-03)
( 5.24468855e-03)
( 1.89553726e-03)
( 3.66204868e-03)
( 3.60553792e-03)
( 4.03945174e-03)
( 6.07715754e-03)
( 5.10608504e-03)
( 6.63817829e-03)
( 4.81238839e-03)
( 6.72411413e-03)
( 4.83913391e-03)
( 7.02535652e-03)
( 4.12191685e-03)
( 7.04236346e-03)
( 4.92448972e-03)
( 1.40808351e-03)
( 2.26099248e-03)
( 6.41211931e-03)
( 4.90352345e-03)
( 4.11557786e-03)
( 2.95792747e-03)
( 3.26313293e-03)
( 6.27363388e-03)
( 3.51498268e-03)
( 4.72102137e-03)
( 2.53620886e-03)
( 3.66265807e-03)
( 2.81864796e-03)
( 4.12331982e-03)
( 2.26600448e-03)
( 1.61823588e-03)
( 2.00311745e-03)
( 2.91931156e-03)
( 1.03931273e-03)
( 1.64004680e-03)
( 3.78320634e-03)
( 2.49867794e-03)
( 3.53051979e-03)
( 2.78349578e-03)
( 1.39539527e-03)
( 2.94554570e-03)
( 2.09260259e-03)
( 5.48721644e-03)
( 2.47167705e-03)
( 2.17471967e-03)
( 1.62819776e-03)
( 3.17616627e-03)
( 2.76001342e-03)
( 3.12693853e-03)
( 3.16834592e-03)
( 6.20406269e-03)
( 1.81791877e-03)
( 1.48148377e-03)
( 6.29813621e-04)
( 2.40346356e-03)
( 6.96033015e-04)
( 2.89112460e-03)
( 1.35232292e-03)
( 1.93326842e-03)
( 2.43539500e-03)
( 3.30130663e-04)
( 5.64361912e-04)
( 1.19530122e-03)
( 2.08594586e-03)
( 2.53323845e-03)
( 1.42644115e-03)
( 3.16704225e-03)
( 7.06853662e-04)
( 2.79960963e-03)
( 3.08901191e-03)
( 4.39397709e-03)
( 8.84928855e-04)
( 2.16921513e-03)
( 3.22415401e-03)
( 1.95270429e-03)
( 4.65072015e-04)
( 3.63161090e-03)
( 3.63830506e-03)
( 1.85014509e-03)
( 2.15627599e-03)
( 2.54495467e-03)
( 2.41521130e-03)
( 3.11256146e-03)
( 1.92432276e-03)
( 2.40983463e-03)
( 1.99442717e-03)
( 2.61266703e-03)
( 1.98666203e-03)
( 1.93822572e-03)
( 1.31288815e-03)
( 1.33871381e-03)
( 2.32189248e-03)
( 3.06043930e-03)
( 2.94181772e-03)
( 2.30396614e-03)
( 1.78251028e-03)
( 8.94024525e-04)
( 3.65606542e-03)
( 5.65149496e-04)
( 1.11719883e-03)
( 2.28064419e-03)
( 3.91793042e-04)
( 8.62115636e-04)
( 2.51834050e-03)
( 1.10953050e-03)
( 4.10180762e-03)
( 1.60708596e-03)
( 1.97356895e-03)
( 2.62474766e-03)
( 1.85155322e-03)
( 3.19414280e-04)
( 1.01883279e-03)
( 2.96511324e-03)
( 3.01539766e-03)
( 1.54328107e-03)
( 1.66376638e-03)
( 4.53971262e-04)
( 2.19939087e-03)
( 2.60991555e-03)
( 1.99231704e-03)
( 1.25591927e-03)
( 8.10596130e-04)
( 1.46557058e-03)
( 1.74410922e-03)
( 1.75629437e-03)
( 1.22476510e-03)
( 3.25113541e-03)
( 1.10206475e-03)
( 2.85311580e-03)
( 9.30202355e-04)
( 6.21361192e-04)
( 2.60699425e-04)
( 2.88025942e-03)
( 9.97571995e-04)
( 6.41326879e-04)
( 2.16286430e-03)
( 6.37925565e-04)
( 1.49514098e-03)
( 1.58194839e-03)
( 2.75718737e-03)
( 2.18425679e-03)
( 2.41162445e-03)
( 2.39312756e-03)
( 1.74806489e-03)
( 2.92577150e-03)
( 1.54967640e-03)
( 1.31203816e-03)
( 2.62671698e-03)
( 3.60058348e-03)
( 1.80922917e-03)
( 1.89394189e-03)
( 1.68924313e-03)
( 1.46290166e-04)
( 5.87066683e-04)
( 1.11528124e-03)
( 1.57218993e-03)
( 3.37776070e-04)
( 9.41852291e-04)
( 2.74405650e-03)
( 8.94523377e-04)
( 9.86268998e-04)
( 4.76927346e-04)
( 1.72423825e-03)
( 1.13294670e-03)
( 1.88508451e-03)
( 2.36063363e-03)
( 1.47831739e-03)
( 1.99661044e-04)
( 2.24594594e-03)
( 2.07499172e-03)
( 7.07409240e-04)
( 1.47005893e-03)
( 8.87147894e-04)
( 1.20526240e-03)
( 5.82395469e-04)
( 2.13168775e-03)
( 4.90697307e-04)
( 7.05083742e-04)
( 1.43574526e-03)
( 9.18631485e-04)
( 2.08290402e-03)
( 4.43315731e-04)
( 7.31924475e-04)
( 1.78905124e-03)
( 1.38535351e-03)
( 7.56301163e-04)
( 5.33992651e-04)
( 2.36056690e-03)
( 1.13202433e-03)
( 9.55831962e-04)
( 1.53053767e-03)
( 2.19762734e-03)
( 1.02857615e-03)
( 1.35650799e-03)
( 9.16147881e-04)
( 1.19339534e-03)
( 4.99050824e-04)
( 1.11120424e-03)
( 2.83439465e-04)
( 6.86462555e-04)
( 1.03167082e-03)
( 5.39920502e-04)
( 9.03494153e-04)
( 1.23332685e-03)
( 6.11731993e-04)
( 1.49744552e-03)
( 1.46182625e-03)
( 8.16931634e-04)
( 7.74181376e-04)
( 8.49690307e-04)
( 5.89311259e-04)
( 1.00901440e-03)
( 9.40953575e-04)
( 1.05830249e-03)
( 9.20066454e-04)
( 5.12378752e-04)
( 3.43367026e-04)
( 9.25666412e-04)
( 2.78489369e-04)
( 1.41420807e-03)
( 2.86325119e-04)
( 1.73509452e-03)
( 9.61555191e-04)
( 8.14914280e-04)
( 9.39453306e-04)
( 5.87335456e-04)
( 3.93479109e-04)
( 1.11463558e-03)
( 8.07712775e-04)
( 1.09095621e-03)
( 1.13290344e-03)
( 4.74851557e-04)
( 8.53359943e-04)
( 7.30850389e-04)
( 1.18987337e-03)
( 3.62231167e-04)
( 1.33487022e-03)
( 5.94912161e-04)
( 2.18203536e-03)
( 2.49407366e-04)
( 9.96034956e-04)
( 8.33491846e-04)
( 2.14690195e-03)
( 4.88476729e-04)
( 1.10951233e-04)
( 8.47467426e-04)
( 7.25766737e-04)
( 3.13464972e-04)
( 7.32975436e-04)
( 8.14472353e-04)
( 7.62164204e-04)
( 1.27110068e-03)
( 6.93119491e-04)
( 3.06543796e-04)
( 7.20318635e-04)
( 3.63633501e-04)
( 7.13855481e-04)
( 7.17759754e-04)
( 1.29771954e-03)
( 5.51073026e-04)
( 4.87464959e-04)
( 3.07537703e-04)
( 1.32679793e-03)
( 5.53856038e-04)
( 9.64471479e-04)
( 1.07908781e-03)
( 4.60777406e-04)
( 4.60185853e-04)
( 2.15331125e-04)
( 1.05629931e-03)
( 1.18901528e-03)
( 9.04663395e-04)
( 8.68292518e-04)
( 7.77536292e-04)
( 5.66579002e-04)
( 3.50524910e-04)
( 3.95101165e-04)
( 6.55018126e-04)
( 5.86889446e-04)
( 9.49004471e-04)
( 1.01301651e-03)
( 1.08135761e-03)
( 7.12295654e-04)
( 7.64225585e-04)
( 6.87590121e-04)
( 1.98381261e-04)
( 7.19552405e-04)
( 1.01890134e-03)
( 7.36947388e-04)
( 4.63929883e-04)
( 6.31655546e-04)
( 1.27653817e-03)
( 5.89610877e-04)
( 8.55367199e-04)
( 4.78200934e-04)
( 9.47289978e-04)
( 3.70400115e-04)
( 4.77824438e-04)
( 5.72788867e-04)
( 7.61035068e-04)
( 5.18619269e-04)
( 1.10066724e-03)
( 9.44523103e-04)
( 3.85137015e-04)
( 1.19937890e-03)
( 4.60063474e-04)
( 5.29925878e-04)
( 1.63770201e-03)
( 1.79311530e-03)
( 6.97385804e-04)
( 1.19784332e-03)
( 4.95843325e-04)
( 1.23546137e-03)
( 9.13180186e-04)
( 6.07849345e-04)
( 1.05598400e-03)
( 4.49806554e-04)
( 1.09499221e-03)
( 6.78627054e-04)
( 7.43912317e-04)
( 1.04943718e-03)
( 1.10858601e-03)
( 6.44312665e-04)
( 7.10836720e-04)
( 4.16869528e-04)
( 5.85459249e-04)
( 8.23588500e-04)
( 1.22161153e-03)
( 9.08293513e-04)
( 5.15767709e-04)
( 1.26926239e-03)
( 7.02035016e-04)
( 5.77127620e-04)
( 1.05513099e-03)
( 1.55537147e-03)
( 4.12214370e-04)
( 6.72616241e-04)
( 6.73057893e-04)
( 9.08697402e-04)
( 1.20998176e-03)
( 9.71642340e-04)
( 7.27808629e-04)
( 7.19482742e-04)
( 6.16964841e-04)
( 2.59385671e-04)
( 6.29918883e-04)
( 7.26204358e-04)
( 1.49583579e-04)
( 4.12467845e-04)
( 1.73970281e-04)
( 8.01503343e-04)
( 2.21393369e-04)
( 1.38836522e-03)
( 3.76788099e-04)
( 4.49625437e-04)
( 1.15528065e-04)
( 9.37667326e-04)
( 5.71561598e-04)
( 4.58830615e-04)
( 3.33227166e-04)
( 1.28329090e-03)
( 1.37467346e-03)
( 6.65438657e-04)
( 9.36821218e-04)
( 1.97215417e-04)
( 1.45076797e-03)
( 5.41688459e-04)
( 5.42475942e-04)
( 1.85038251e-03)
( 4.57717488e-04)
( 1.29350100e-03)
( 8.80357332e-04)
( 1.38475313e-03)
( 4.97276673e-04)
( 2.10014816e-03)
( 1.28759299e-03)
( 1.12935815e-03)
( 4.22878418e-04)
( 7.43223764e-04)
( 5.25835600e-04)
( 2.08966529e-03)
( 7.29165405e-04)
( 1.01780898e-03)
( 2.20433972e-03)
( 1.93440933e-03)
( 1.02688112e-03)
( 1.14478504e-03)
( 5.33847361e-04)
( 2.02569043e-03)
( 1.10314624e-03)
( 1.97909871e-03)
( 8.53264487e-04)
( 2.91233053e-03)
( 1.35441744e-03)
( 6.34693456e-04)
( 2.61029993e-04)
( 1.59692092e-03)
( 1.69916483e-03)
( 4.38523596e-04)
( 2.97535808e-04)
( 1.14699335e-03)
( 1.07759228e-03)
( 2.12275023e-03)
( 6.08605303e-04)
( 1.08742205e-03)
( 2.64068678e-03)
( 1.02636489e-03)
( 2.47197743e-03)
( 1.47412385e-03)
( 7.84501354e-04)
( 1.69384188e-03)
( 2.24156825e-03)
( 3.38446703e-04)
( 1.18387355e-03)
( 7.11393137e-04)
( 1.76453172e-03)
( 7.81966878e-04)
( 1.21026565e-03)
( 2.05628215e-03)
( 1.66738880e-03)
( 1.51006633e-03)
( 2.00811930e-03)
( 6.07999318e-04)
( 1.07636035e-03)
( 1.77242740e-03)
( 3.56379512e-04)
( 5.37519751e-04)
( 6.84746609e-04)
( 1.67468307e-03)
( 2.55407553e-03)
( 1.07400907e-03)
( 7.90158386e-04)
( 8.44488955e-04)
( 1.39082749e-03)
( 7.41101169e-04)
( 1.65130641e-03)
( 1.12313271e-03)
( 3.87317048e-04)
( 1.00266496e-03)
( 8.97812075e-04)
( 8.52148635e-04)
( 5.19548696e-04)
( 1.50370624e-03)
( 1.01475768e-03)
( 9.02215236e-04)
( 1.01814387e-03)
( 6.63604802e-04)
( 8.11616326e-04)
( 3.43573256e-04)
( 4.61267509e-04)
( 8.08138452e-04)
( 1.34418997e-03)
( 9.89051465e-04)
( 1.38042981e-03)
( 1.63836032e-03)
( 5.66671239e-04)
( 7.06189189e-04)
( 3.99625366e-04)
( 1.18167732e-03)
( 1.20646166e-03)
( 1.21072939e-04)
( 5.49560714e-04)
( 1.19368961e-03)
( 4.02851614e-04)
( 6.67806416e-04)
( 5.92470531e-04)
( 5.51737828e-04)
( 1.05067993e-03)
( 9.12941561e-04)
( 7.50813648e-04)
( 1.79738086e-04)
( 6.69616712e-04)
( 2.14155949e-04)
( 1.44594274e-03)
( 1.25248792e-03)
( 1.41813555e-03)
( 8.52067179e-04)
( 7.20242533e-04)
( 4.50020429e-04)
( 4.39519726e-04)
( 6.04234256e-04)
( 8.22473655e-04)
( 1.01124761e-03)
( 3.42295419e-04)
( 1.07705408e-03)
( 4.32524294e-04)
( 4.32332311e-04)
( 4.34416785e-04)
( 3.89359011e-04)
( 1.95128902e-04)
( 1.03089344e-03)
( 1.15976020e-04)
( 9.87529355e-04)
( 5.19501905e-04)
( 7.04004442e-04)
( 4.83050226e-04)
( 6.41438276e-04)
( 6.46837123e-04)
( 2.52881100e-04)
( 9.27525897e-04)
( 7.20144647e-04)
( 8.45150731e-04)
( 3.95120241e-04)
( 8.13472128e-04)
( 4.48993302e-04)
( 2.69972001e-04)
( 3.87549439e-05)
( 7.71058437e-04)
( 1.20544853e-03)
( 3.72261925e-04)
( 2.71077912e-04)
( 1.10675042e-03)
( 9.25561851e-04)
( 1.03654142e-03)
);
wavePeriods
710
(
( 1.63636364e+01)
( 1.50000000e+01)
( 1.38461538e+01)
( 1.28571429e+01)
( 1.20000000e+01)
( 1.12500000e+01)
( 1.05882353e+01)
( 1.00000000e+01)
( 9.47368421e+00)
( 9.00000000e+00)
( 8.57142857e+00)
( 8.18181818e+00)
( 7.82608696e+00)
( 7.50000000e+00)
( 7.20000000e+00)
( 6.92307692e+00)
( 6.66666667e+00)
( 6.42857143e+00)
( 6.20689655e+00)
( 6.00000000e+00)
( 5.80645161e+00)
( 5.62500000e+00)
( 5.45454545e+00)
( 5.29411765e+00)
( 5.14285714e+00)
( 5.00000000e+00)
( 4.86486486e+00)
( 4.73684211e+00)
( 4.61538462e+00)
( 4.50000000e+00)
( 4.39024390e+00)
( 4.28571429e+00)
( 4.18604651e+00)
( 4.09090909e+00)
( 4.00000000e+00)
( 3.91304348e+00)
( 3.82978723e+00)
( 3.75000000e+00)
( 3.67346939e+00)
( 3.60000000e+00)
( 3.52941176e+00)
( 3.46153846e+00)
( 3.39622642e+00)
( 3.33333333e+00)
( 3.27272727e+00)
( 3.21428571e+00)
( 3.15789474e+00)
( 3.10344828e+00)
( 3.05084746e+00)
( 3.00000000e+00)
( 2.95081967e+00)
( 2.90322581e+00)
( 2.85714286e+00)
( 2.81250000e+00)
( 2.76923077e+00)
( 2.72727273e+00)
( 2.68656716e+00)
( 2.64705882e+00)
( 2.60869565e+00)
( 2.57142857e+00)
( 2.53521127e+00)
( 2.50000000e+00)
( 2.46575342e+00)
( 2.43243243e+00)
( 2.40000000e+00)
( 2.36842105e+00)
( 2.33766234e+00)
( 2.30769231e+00)
( 2.27848101e+00)
( 2.25000000e+00)
( 2.22222222e+00)
( 2.19512195e+00)
( 2.16867470e+00)
( 2.14285714e+00)
( 2.11764706e+00)
( 2.09302326e+00)
( 2.06896552e+00)
( 2.04545455e+00)
( 2.02247191e+00)
( 2.00000000e+00)
( 1.97802198e+00)
( 1.95652174e+00)
( 1.93548387e+00)
( 1.91489362e+00)
( 1.89473684e+00)
( 1.87500000e+00)
( 1.85567010e+00)
( 1.83673469e+00)
( 1.81818182e+00)
( 1.80000000e+00)
( 1.78217822e+00)
( 1.76470588e+00)
( 1.74757282e+00)
( 1.73076923e+00)
( 1.71428571e+00)
( 1.69811321e+00)
( 1.68224299e+00)
( 1.66666667e+00)
( 1.65137615e+00)
( 1.63636364e+00)
( 1.62162162e+00)
( 1.60714286e+00)
( 1.59292035e+00)
( 1.57894737e+00)
( 1.56521739e+00)
( 1.55172414e+00)
( 1.53846154e+00)
( 1.52542373e+00)
( 1.51260504e+00)
( 1.50000000e+00)
( 1.48760331e+00)
( 1.47540984e+00)
( 1.46341463e+00)
( 1.45161290e+00)
( 1.44000000e+00)
( 1.42857143e+00)
( 1.41732283e+00)
( 1.40625000e+00)
( 1.39534884e+00)
( 1.38461538e+00)
( 1.37404580e+00)
( 1.36363636e+00)
( 1.35338346e+00)
( 1.34328358e+00)
( 1.33333333e+00)
( 1.32352941e+00)
( 1.31386861e+00)
( 1.30434783e+00)
( 1.29496403e+00)
( 1.28571429e+00)
( 1.27659574e+00)
( 1.26760563e+00)
( 1.25874126e+00)
( 1.25000000e+00)
( 1.24137931e+00)
( 1.23287671e+00)
( 1.22448980e+00)
( 1.21621622e+00)
( 1.20805369e+00)
( 1.20000000e+00)
( 1.19205298e+00)
( 1.18421053e+00)
( 1.17647059e+00)
( 1.16883117e+00)
( 1.16129032e+00)
( 1.15384615e+00)
( 1.14649682e+00)
( 1.13924051e+00)
( 1.13207547e+00)
( 1.12500000e+00)
( 1.11801242e+00)
( 1.11111111e+00)
( 1.10429448e+00)
( 1.09756098e+00)
( 1.09090909e+00)
( 1.08433735e+00)
( 1.07784431e+00)
( 1.07142857e+00)
( 1.06508876e+00)
( 1.05882353e+00)
( 1.05263158e+00)
( 1.04651163e+00)
( 1.04046243e+00)
( 1.03448276e+00)
( 1.02857143e+00)
( 1.02272727e+00)
( 1.01694915e+00)
( 1.01123596e+00)
( 1.00558659e+00)
( 1.00000000e+00)
( 9.94475138e-01)
( 9.89010989e-01)
( 9.83606557e-01)
( 9.78260870e-01)
( 9.72972973e-01)
( 9.67741935e-01)
( 9.62566845e-01)
( 9.57446809e-01)
( 9.52380952e-01)
( 9.47368421e-01)
( 9.42408377e-01)
( 9.37500000e-01)
( 9.32642487e-01)
( 9.27835052e-01)
( 9.23076923e-01)
( 9.18367347e-01)
( 9.13705584e-01)
( 9.09090909e-01)
( 9.04522613e-01)
( 9.00000000e-01)
( 8.95522388e-01)
( 8.91089109e-01)
( 8.86699507e-01)
( 8.82352941e-01)
( 8.78048780e-01)
( 8.73786408e-01)
( 8.69565217e-01)
( 8.65384615e-01)
( 8.61244019e-01)
( 8.57142857e-01)
( 8.53080569e-01)
( 8.49056604e-01)
( 8.45070423e-01)
( 8.41121495e-01)
( 8.37209302e-01)
( 8.33333333e-01)
( 8.29493088e-01)
( 8.25688073e-01)
( 8.21917808e-01)
( 8.18181818e-01)
( 8.14479638e-01)
( 8.10810811e-01)
( 8.07174888e-01)
( 8.03571429e-01)
( 8.00000000e-01)
( 7.96460177e-01)
( 7.92951542e-01)
( 7.89473684e-01)
( 7.86026201e-01)
( 7.82608696e-01)
( 7.79220779e-01)
( 7.75862069e-01)
( 7.72532189e-01)
( 7.69230769e-01)
( 7.65957447e-01)
( 7.62711864e-01)
( 7.59493671e-01)
( 7.56302521e-01)
( 7.53138075e-01)
( 7.50000000e-01)
( 7.46887967e-01)
( 7.43801653e-01)
( 7.40740741e-01)
( 7.37704918e-01)
( 7.34693878e-01)
( 7.31707317e-01)
( 7.28744939e-01)
( 7.25806452e-01)
( 7.22891566e-01)
( 7.20000000e-01)
( 7.17131474e-01)
( 7.14285714e-01)
( 7.11462451e-01)
( 7.08661417e-01)
( 7.05882353e-01)
( 7.03125000e-01)
( 7.00389105e-01)
( 6.97674419e-01)
( 6.94980695e-01)
( 6.92307692e-01)
( 6.89655172e-01)
( 6.87022901e-01)
( 6.84410646e-01)
( 6.81818182e-01)
( 6.79245283e-01)
( 6.76691729e-01)
( 6.74157303e-01)
( 6.71641791e-01)
( 6.69144981e-01)
( 6.66666667e-01)
( 6.64206642e-01)
( 6.61764706e-01)
( 6.59340659e-01)
( 6.56934307e-01)
( 6.54545455e-01)
( 6.52173913e-01)
( 6.49819495e-01)
( 6.47482014e-01)
( 6.45161290e-01)
( 6.42857143e-01)
( 6.40569395e-01)
( 6.38297872e-01)
( 6.36042403e-01)
( 6.33802817e-01)
( 6.31578947e-01)
( 6.29370629e-01)
( 6.27177700e-01)
( 6.25000000e-01)
( 6.22837370e-01)
( 6.20689655e-01)
( 6.18556701e-01)
( 6.16438356e-01)
( 6.14334471e-01)
( 6.12244898e-01)
( 6.10169492e-01)
( 6.08108108e-01)
( 6.06060606e-01)
( 6.04026846e-01)
( 6.02006689e-01)
( 6.00000000e-01)
( 5.98006645e-01)
( 5.96026490e-01)
( 5.94059406e-01)
( 5.92105263e-01)
( 5.90163934e-01)
( 5.88235294e-01)
( 5.86319218e-01)
( 5.84415584e-01)
( 5.82524272e-01)
( 5.80645161e-01)
( 5.78778135e-01)
( 5.76923077e-01)
( 5.75079872e-01)
( 5.73248408e-01)
( 5.71428571e-01)
( 5.69620253e-01)
( 5.67823344e-01)
( 5.66037736e-01)
( 5.64263323e-01)
( 5.62500000e-01)
( 5.60747664e-01)
( 5.59006211e-01)
( 5.57275542e-01)
( 5.55555556e-01)
( 5.53846154e-01)
( 5.52147239e-01)
( 5.50458716e-01)
( 5.48780488e-01)
( 5.47112462e-01)
( 5.45454545e-01)
( 5.43806647e-01)
( 5.42168675e-01)
( 5.40540541e-01)
( 5.38922156e-01)
( 5.37313433e-01)
( 5.35714286e-01)
( 5.34124629e-01)
( 5.32544379e-01)
( 5.30973451e-01)
( 5.29411765e-01)
( 5.27859238e-01)
( 5.26315789e-01)
( 5.24781341e-01)
( 5.23255814e-01)
( 5.21739130e-01)
( 5.20231214e-01)
( 5.18731988e-01)
( 5.17241379e-01)
( 5.15759312e-01)
( 5.14285714e-01)
( 5.12820513e-01)
( 5.11363636e-01)
( 5.09915014e-01)
( 5.08474576e-01)
( 5.07042254e-01)
( 5.05617978e-01)
( 5.04201681e-01)
( 5.02793296e-01)
( 5.01392758e-01)
( 5.00000000e-01)
( 4.98614958e-01)
( 4.97237569e-01)
( 4.95867769e-01)
( 4.94505495e-01)
( 4.93150685e-01)
( 4.91803279e-01)
( 4.90463215e-01)
( 4.89130435e-01)
( 4.87804878e-01)
( 4.86486486e-01)
( 4.85175202e-01)
( 4.83870968e-01)
( 4.82573727e-01)
( 4.81283422e-01)
( 4.80000000e-01)
( 4.78723404e-01)
( 4.77453581e-01)
( 4.76190476e-01)
( 4.74934037e-01)
( 4.73684211e-01)
( 4.72440945e-01)
( 4.71204188e-01)
( 4.69973890e-01)
( 4.68750000e-01)
( 4.67532468e-01)
( 4.66321244e-01)
( 4.65116279e-01)
( 4.63917526e-01)
( 4.62724936e-01)
( 4.61538462e-01)
( 4.60358056e-01)
( 4.59183673e-01)
( 4.58015267e-01)
( 4.56852792e-01)
( 4.55696203e-01)
( 4.54545455e-01)
( 4.53400504e-01)
( 4.52261307e-01)
( 4.51127820e-01)
( 4.50000000e-01)
( 4.48877805e-01)
( 4.47761194e-01)
( 4.46650124e-01)
( 4.45544554e-01)
( 4.44444444e-01)
( 4.43349754e-01)
( 4.42260442e-01)
( 4.41176471e-01)
( 4.40097800e-01)
( 4.39024390e-01)
( 4.37956204e-01)
( 4.36893204e-01)
( 4.35835351e-01)
( 4.34782609e-01)
( 4.33734940e-01)
( 4.32692308e-01)
( 4.31654676e-01)
( 4.30622010e-01)
( 4.29594272e-01)
( 4.28571429e-01)
( 4.27553444e-01)
( 4.26540284e-01)
( 4.25531915e-01)
( 4.24528302e-01)
( 4.23529412e-01)
( 4.22535211e-01)
( 4.21545667e-01)
( 4.20560748e-01)
( 4.19580420e-01)
( 4.18604651e-01)
( 4.17633411e-01)
( 4.16666667e-01)
( 4.15704388e-01)
( 4.14746544e-01)
( 4.13793103e-01)
( 4.12844037e-01)
( 4.11899314e-01)
( 4.10958904e-01)
( 4.10022779e-01)
( 4.09090909e-01)
( 4.08163265e-01)
( 4.07239819e-01)
( 4.06320542e-01)
( 4.05405405e-01)
( 4.04494382e-01)
( 4.03587444e-01)
( 4.02684564e-01)
( 4.01785714e-01)
( 4.00890869e-01)
( 4.00000000e-01)
( 3.99113082e-01)
( 3.98230088e-01)
( 3.97350993e-01)
( 3.96475771e-01)
( 3.95604396e-01)
( 3.94736842e-01)
( 3.93873085e-01)
( 3.93013100e-01)
( 3.92156863e-01)
( 3.91304348e-01)
( 3.90455531e-01)
( 3.89610390e-01)
( 3.88768898e-01)
( 3.87931034e-01)
( 3.87096774e-01)
( 3.86266094e-01)
( 3.85438972e-01)
( 3.84615385e-01)
( 3.83795309e-01)
( 3.82978723e-01)
( 3.82165605e-01)
( 3.81355932e-01)
( 3.80549683e-01)
( 3.79746835e-01)
( 3.78947368e-01)
( 3.78151261e-01)
( 3.77358491e-01)
( 3.76569038e-01)
( 3.75782881e-01)
( 3.75000000e-01)
( 3.74220374e-01)
( 3.73443983e-01)
( 3.72670807e-01)
( 3.71900826e-01)
( 3.71134021e-01)
( 3.70370370e-01)
( 3.69609856e-01)
( 3.68852459e-01)
( 3.68098160e-01)
( 3.67346939e-01)
( 3.66598778e-01)
( 3.65853659e-01)
( 3.65111562e-01)
( 3.64372470e-01)
( 3.63636364e-01)
( 3.62903226e-01)
( 3.62173038e-01)
( 3.61445783e-01)
( 3.60721443e-01)
( 3.60000000e-01)
( 3.59281437e-01)
( 3.58565737e-01)
( 3.57852883e-01)
( 3.57142857e-01)
( 3.56435644e-01)
( 3.55731225e-01)
( 3.55029586e-01)
( 3.54330709e-01)
( 3.53634578e-01)
( 3.52941176e-01)
( 3.52250489e-01)
( 3.51562500e-01)
( 3.50877193e-01)
( 3.50194553e-01)
( 3.49514563e-01)
( 3.48837209e-01)
( 3.48162476e-01)
( 3.47490347e-01)
( 3.46820809e-01)
( 3.46153846e-01)
( 3.45489443e-01)
( 3.44827586e-01)
( 3.44168260e-01)
( 3.43511450e-01)
( 3.42857143e-01)
( 3.42205323e-01)
( 3.41555977e-01)
( 3.40909091e-01)
( 3.40264650e-01)
( 3.39622642e-01)
( 3.38983051e-01)
( 3.38345865e-01)
( 3.37711069e-01)
( 3.37078652e-01)
( 3.36448598e-01)
( 3.35820896e-01)
( 3.35195531e-01)
( 3.34572491e-01)
( 3.33951763e-01)
( 3.33333333e-01)
( 3.32717190e-01)
( 3.32103321e-01)
( 3.31491713e-01)
( 3.30882353e-01)
( 3.30275229e-01)
( 3.29670330e-01)
( 3.29067642e-01)
( 3.28467153e-01)
( 3.27868852e-01)
( 3.27272727e-01)
( 3.26678766e-01)
( 3.26086957e-01)
( 3.25497288e-01)
( 3.24909747e-01)
( 3.24324324e-01)
( 3.23741007e-01)
( 3.23159785e-01)
( 3.22580645e-01)
( 3.22003578e-01)
( 3.21428571e-01)
( 3.20855615e-01)
( 3.20284698e-01)
( 3.19715808e-01)
( 3.19148936e-01)
( 3.18584071e-01)
( 3.18021201e-01)
( 3.17460317e-01)
( 3.16901408e-01)
( 3.16344464e-01)
( 3.15789474e-01)
( 3.15236427e-01)
( 3.14685315e-01)
( 3.14136126e-01)
( 3.13588850e-01)
( 3.13043478e-01)
( 3.12500000e-01)
( 3.11958406e-01)
( 3.11418685e-01)
( 3.10880829e-01)
( 3.10344828e-01)
( 3.09810671e-01)
( 3.09278351e-01)
( 3.08747856e-01)
( 3.08219178e-01)
( 3.07692308e-01)
( 3.07167235e-01)
( 3.06643952e-01)
( 3.06122449e-01)
( 3.05602716e-01)
( 3.05084746e-01)
( 3.04568528e-01)
( 3.04054054e-01)
( 3.03541315e-01)
( 3.03030303e-01)
( 3.02521008e-01)
( 3.02013423e-01)
( 3.01507538e-01)
( 3.01003344e-01)
( 3.00500835e-01)
( 3.00000000e-01)
( 2.99500832e-01)
( 2.99003322e-01)
( 2.98507463e-01)
( 2.98013245e-01)
( 2.97520661e-01)
( 2.97029703e-01)
( 2.96540362e-01)
( 2.96052632e-01)
( 2.95566502e-01)
( 2.95081967e-01)
( 2.94599018e-01)
( 2.94117647e-01)
( 2.93637847e-01)
( 2.93159609e-01)
( 2.92682927e-01)
( 2.92207792e-01)
( 2.91734198e-01)
( 2.91262136e-01)
( 2.90791599e-01)
( 2.90322581e-01)
( 2.89855072e-01)
( 2.89389068e-01)
( 2.88924559e-01)
( 2.88461538e-01)
( 2.88000000e-01)
( 2.87539936e-01)
( 2.87081340e-01)
( 2.86624204e-01)
( 2.86168521e-01)
( 2.85714286e-01)
( 2.85261490e-01)
( 2.84810127e-01)
( 2.84360190e-01)
( 2.83911672e-01)
( 2.83464567e-01)
( 2.83018868e-01)
( 2.82574568e-01)
( 2.82131661e-01)
( 2.81690141e-01)
( 2.81250000e-01)
( 2.80811232e-01)
( 2.80373832e-01)
( 2.79937792e-01)
( 2.79503106e-01)
( 2.79069767e-01)
( 2.78637771e-01)
( 2.78207110e-01)
( 2.77777778e-01)
( 2.77349769e-01)
( 2.76923077e-01)
( 2.76497696e-01)
( 2.76073620e-01)
( 2.75650842e-01)
( 2.75229358e-01)
( 2.74809160e-01)
( 2.74390244e-01)
( 2.73972603e-01)
( 2.73556231e-01)
( 2.73141123e-01)
( 2.72727273e-01)
( 2.72314675e-01)
( 2.71903323e-01)
( 2.71493213e-01)
( 2.71084337e-01)
( 2.70676692e-01)
( 2.70270270e-01)
( 2.69865067e-01)
( 2.69461078e-01)
( 2.69058296e-01)
( 2.68656716e-01)
( 2.68256334e-01)
( 2.67857143e-01)
( 2.67459138e-01)
( 2.67062315e-01)
( 2.66666667e-01)
( 2.66272189e-01)
( 2.65878877e-01)
( 2.65486726e-01)
( 2.65095729e-01)
( 2.64705882e-01)
( 2.64317181e-01)
( 2.63929619e-01)
( 2.63543192e-01)
( 2.63157895e-01)
( 2.62773723e-01)
( 2.62390671e-01)
( 2.62008734e-01)
( 2.61627907e-01)
( 2.61248186e-01)
( 2.60869565e-01)
( 2.60492041e-01)
( 2.60115607e-01)
( 2.59740260e-01)
( 2.59365994e-01)
( 2.58992806e-01)
( 2.58620690e-01)
( 2.58249641e-01)
( 2.57879656e-01)
( 2.57510730e-01)
( 2.57142857e-01)
( 2.56776034e-01)
( 2.56410256e-01)
( 2.56045519e-01)
( 2.55681818e-01)
( 2.55319149e-01)
( 2.54957507e-01)
( 2.54596888e-01)
( 2.54237288e-01)
( 2.53878702e-01)
( 2.53521127e-01)
( 2.53164557e-01)
( 2.52808989e-01)
( 2.52454418e-01)
( 2.52100840e-01)
( 2.51748252e-01)
( 2.51396648e-01)
( 2.51046025e-01)
( 2.50696379e-01)
( 2.50347705e-01)
( 2.50000000e-01)
);
wavePhases
710
(
( 1.63697185e+00)
( 1.87046699e+00)
(-2.92732315e+00)
( 6.46696391e-01)
( 1.02464515e+00)
( 1.46052755e+00)
( 2.53886279e+00)
(-9.70429384e-01)
( 1.12104867e+00)
( 5.46934461e-01)
(-2.12849696e+00)
( 2.12687704e+00)
( 1.14850303e+00)
(-2.16048732e+00)
( 1.74066003e+00)
(-1.34254631e+00)
(-4.15858044e-02)
(-1.04925746e+00)
( 6.43154723e-02)
( 2.37622806e+00)
(-1.56089549e+00)
(-2.31165709e+00)
( 2.80375111e+00)
( 3.10723782e+00)
( 2.33824181e+00)
( 8.62471024e-01)
(-2.32641552e+00)
( 5.10836448e-01)
(-1.07465989e+00)
(-1.32738062e-01)
(-1.39390852e+00)
( 2.37894942e+00)
(-1.09791686e+00)
(-1.49856761e+00)
(-4.95119450e-01)
(-2.45249534e+00)
( 6.86918123e-01)
( 9.99134463e-01)
( 2.01283570e+00)
(-6.30568488e-01)
( 2.19988909e+00)
(-2.81842530e+00)
(-1.42923068e+00)
( 4.80389425e-01)
(-2.22668938e+00)
(-9.93082130e-03)
(-2.85700653e+00)
( 1.59357538e+00)
( 4.79541782e-01)
( 2.17198295e-03)
( 5.27042714e-01)
( 1.72759174e+00)
(-1.28639119e+00)
(-1.60658607e+00)
(-5.79456693e-01)
( 2.30173088e+00)
(-1.20853621e+00)
( 2.72316475e+00)
(-5.27471926e-01)
(-5.90216208e-01)
(-8.02925201e-01)
(-1.12790202e+00)
(-2.66909892e+00)
(-1.21339827e+00)
( 4.32341265e-01)
(-1.98451671e+00)
(-1.11249984e+00)
(-4.99901991e-01)
( 1.29998472e+00)
( 3.11280561e+00)
( 2.61110248e+00)
(-1.33353422e+00)
( 1.87010821e+00)
(-1.08433276e+00)
(-2.86269825e+00)
( 1.88544473e+00)
( 1.53833160e+00)
( 1.49341546e+00)
( 6.15565447e-01)
( 5.81249279e-01)
( 1.34560425e+00)
( 1.12390130e+00)
(-2.95981904e+00)
(-2.83506574e+00)
( 9.97791076e-02)
( 7.06320113e-01)
( 1.82104819e+00)
( 3.84065179e-01)
(-2.76078010e+00)
(-1.74761203e+00)
( 2.34086338e+00)
( 2.58097718e+00)
( 1.77527612e+00)
( 2.82532804e+00)
( 7.36220501e-01)
( 9.26625077e-01)
(-2.27904860e+00)
( 3.51086197e-01)
( 2.64292804e+00)
( 7.02079671e-01)
( 3.04434937e+00)
( 2.61481083e+00)
( 3.28134676e-01)
( 2.79524808e+00)
(-1.34308996e-01)
(-1.89741382e+00)
( 2.67340961e+00)
( 1.49821271e+00)
(-5.23411224e-01)
( 1.25232759e+00)
(-2.54935827e-02)
( 7.75753155e-01)
( 9.93710259e-01)
(-2.74789986e+00)
( 1.61123020e+00)
( 1.68032917e+00)
(-1.04205673e+00)
( 1.15847804e+00)
( 1.61184050e+00)
( 1.26224916e+00)
(-2.09787378e+00)
(-1.65793922e+00)
(-7.87006471e-01)
(-2.51583317e+00)
( 2.32515237e+00)
( 9.53067722e-01)
( 2.13988466e+00)
(-1.66477823e-01)
( 2.46236727e+00)
( 7.37809140e-01)
(-2.01984818e+00)
(-2.13951219e+00)
( 9.56035167e-01)
( 2.76184033e+00)
( 1.70533675e+00)
( 6.54621054e-01)
( 1.55113464e+00)
(-1.60859035e-01)
(-2.21041592e+00)
(-8.72409647e-01)
(-2.26037439e+00)
(-1.08789032e+00)
(-1.42008269e+00)
( 2.42211365e+00)
(-2.09051130e+00)
(-1.81308201e+00)
( 1.07881082e+00)
(-7.40301312e-01)
( 1.10848628e+00)
( 5.42674832e-01)
( 2.18811571e-01)
(-2.10733709e+00)
( 3.42339136e-01)
( 1.29461274e+00)
( 7.38027415e-01)
(-1.15524718e+00)
(-1.00622095e+00)
(-6.76911856e-01)
( 2.93259297e+00)
(-5.89489103e-01)
(-1.43363009e+00)
( 2.64196928e+00)
( 2.04605118e-01)
( 2.08678896e+00)
( 2.43955675e+00)
(-2.86414316e+00)
(-1.00554928e+00)
(-1.54442336e+00)
( 8.23529954e-02)
(-3.33160496e-02)
( 1.27767043e+00)
( 4.59592362e-01)
(-3.12066885e+00)
( 2.25653503e+00)
(-1.05206497e+00)
(-2.30415015e+00)
( 7.58091062e-01)
(-3.31305987e-01)
( 1.01593303e+00)
(-5.57074688e-01)
( 1.87236469e+00)
(-4.20392776e-01)
(-1.21739288e+00)
( 1.27633733e+00)
(-8.87769652e-01)
( 2.19229796e+00)
( 2.04230288e+00)
(-2.27642662e+00)
( 1.34319227e+00)
(-2.52567979e+00)
(-2.96386343e+00)
(-6.18880391e-01)
(-7.61871057e-02)
( 3.03095379e-02)
( 2.01473124e+00)
(-6.26039176e-01)
( 3.11995983e+00)
(-2.95510857e+00)
(-8.21528141e-01)
(-3.56227442e-01)
( 8.42953073e-01)
( 1.85358665e+00)
( 1.51992448e+00)
( 3.43357978e-02)
( 1.78229909e+00)
( 1.64928950e+00)
( 1.08596894e+00)
(-5.20330315e-01)
(-1.68832512e+00)
( 2.80799663e+00)
( 9.08647634e-01)
(-2.43515409e+00)
( 2.13583464e+00)
(-1.99851357e+00)
( 2.48152403e+00)
( 1.79917199e+00)
(-2.02845986e-01)
(-1.62907537e+00)
( 1.66672163e+00)
(-2.88509245e+00)
(-9.44706134e-01)
( 6.47766676e-01)
(-1.30007951e+00)
(-2.58634669e+00)
(-1.56792868e+00)
(-2.25430048e+00)
( 6.15444205e-03)
( 1.72500165e+00)
(-1.78155839e+00)
( 2.16292428e+00)
(-3.10797068e+00)
(-8.93558710e-01)
( 2.99119909e+00)
( 7.41184843e-01)
( 5.18402071e-01)
(-2.80726507e+00)
( 7.71840042e-01)
( 2.60373803e+00)
( 8.55897308e-01)
(-2.11858095e+00)
( 7.21439814e-02)
(-4.92755744e-01)
( 1.44415580e-02)
( 5.73373284e-02)
(-6.08870818e-01)
(-7.32754613e-01)
( 2.95482370e+00)
(-8.84697498e-02)
( 4.72832717e-01)
( 2.92627445e+00)
( 2.61854341e+00)
( 5.49470166e-01)
( 1.88150026e+00)
(-7.58563778e-01)
( 9.05129248e-02)
( 2.84509980e+00)
( 2.30292634e+00)
(-4.43168290e-01)
(-1.23279731e+00)
(-2.16603639e+00)
(-2.43864008e+00)
( 1.74680934e-01)
(-1.07897819e+00)
(-2.92053519e+00)
(-7.75076109e-01)
( 3.01334014e+00)
( 2.68757351e+00)
( 7.45100171e-01)
( 1.57572252e+00)
( 2.69887433e+00)
(-3.07014684e+00)
( 1.73004313e+00)
(-1.02704136e-01)
(-4.34111739e-01)
( 2.95893936e+00)
( 3.11587270e+00)
(-2.99286455e+00)
( 1.39263424e+00)
(-1.23105576e+00)
(-2.63405835e+00)
(-1.38057931e+00)
( 1.82331894e+00)
( 1.98613763e+00)
(-1.13625634e+00)
( 2.26679095e-01)
( 2.97839720e+00)
( 1.13207746e+00)
(-2.13566877e+00)
( 2.85711673e+00)
(-8.98676150e-01)
(-1.26209954e+00)
( 5.59218283e-01)
( 1.20914975e+00)
( 3.77975846e-01)
(-2.48848470e+00)
( 2.86598607e+00)
(-5.82287140e-02)
( 1.18241819e+00)
(-2.79715142e+00)
( 3.10562987e+00)
(-1.59663363e+00)
( 1.48044520e+00)
(-2.10805710e+00)
(-2.82365813e-01)
( 1.24231118e+00)
(-5.86120548e-01)
( 1.05579546e+00)
(-3.02538892e+00)
(-1.31352470e+00)
(-5.53643162e-01)
(-1.57871849e+00)
( 1.50138911e+00)
(-2.69417260e+00)
( 4.20770761e-01)
(-8.52719510e-01)
(-2.99144041e+00)
(-1.65324332e+00)
( 8.41009627e-01)
( 1.50853222e+00)
(-1.84358598e+00)
( 1.25964955e+00)
(-1.56421834e+00)
(-3.33226905e-01)
(-4.29058347e-01)
( 1.69817389e+00)
(-4.13275109e-01)
( 1.17913648e+00)
(-1.81980203e+00)
( 2.88003702e+00)
(-4.26621193e-01)
( 3.13760221e-02)
( 9.12524164e-01)
( 3.08542738e+00)
(-4.87817779e-01)
(-1.26852469e+00)
( 6.56630892e-01)
(-1.58423197e+00)
( 1.17983544e+00)
(-1.32900291e+00)
( 8.49697868e-01)
(-6.11013440e-01)
(-2.49773825e+00)
(-2.11651342e+00)
( 2.42821558e+00)
( 1.28141301e+00)
(-6.59644621e-01)
(-1.43170913e+00)
(-1.48365476e-01)
(-1.77196371e+00)
(-5.15943235e-01)
(-1.99819668e+00)
( 7.55813047e-01)
(-3.05593495e+00)
( 8.09369842e-01)
(-2.48855612e+00)
( 1.94633460e+00)
(-1.04019648e+00)
(-3.97909736e-01)
(-3.09119979e+00)
( 2.62509052e+00)
(-5.99775013e-01)
( 1.19198843e+00)
(-3.04965731e-01)
( 1.28405621e+00)
(-1.48292671e+00)
( 2.41975881e+00)
(-2.02564360e+00)
(-3.00475512e+00)
(-2.30699479e+00)
(-2.68963216e+00)
( 2.44042200e+00)
(-3.46161164e-01)
( 9.88003136e-01)
( 2.72331186e-01)
( 2.25938848e+00)
(-1.90244515e+00)
( 2.30859448e+00)
(-8.44095497e-01)
(-1.78921250e+00)
( 3.04702397e-01)
(-2.89203630e+00)
( 2.98404707e+00)
(-2.67797715e+00)
( 6.39835848e-01)
(-3.08091393e+00)
(-7.04660296e-01)
( 1.03913224e+00)
( 6.11272614e-01)
(-5.86550737e-01)
( 2.27942239e+00)
(-2.19303498e+00)
( 1.45179036e+00)
(-1.72812663e+00)
( 1.42079018e+00)
( 5.95361711e-01)
( 1.39154470e+00)
(-1.22711586e+00)
( 5.50756621e-01)
( 1.43601589e+00)
(-1.52053126e+00)
(-1.14684621e+00)
( 4.88870946e-01)
( 2.52851291e-01)
(-2.46176635e+00)
(-1.13792454e-01)
(-2.33569452e+00)
(-2.69382401e+00)
(-8.88844819e-01)
( 2.24947305e+00)
(-2.91046003e+00)
(-2.85590622e+00)
(-2.32706238e+00)
( 9.07364327e-01)
(-1.78024428e+00)
(-2.36844085e-01)
(-5.39087608e-01)
( 2.58479720e+00)
(-4.10807173e-02)
( 2.68220238e+00)
( 7.14178418e-01)
( 2.46477811e+00)
( 8.22960294e-01)
(-1.73630911e+00)
(-2.15592877e-01)
(-2.88743299e+00)
(-2.96355605e+00)
(-3.08226098e+00)
( 1.39279424e+00)
( 2.13858078e+00)
(-1.10099853e-01)
( 8.38213411e-02)
(-7.78013009e-01)
(-2.58637374e+00)
(-2.91597960e+00)
( 2.02439289e-01)
(-3.83783248e-01)
( 2.29931675e+00)
( 9.98239267e-01)
(-6.51536404e-01)
( 2.92024264e+00)
(-2.43224292e+00)
( 1.70193928e+00)
( 2.91403515e+00)
( 1.10043804e+00)
(-4.54152015e-01)
(-2.97317032e+00)
( 7.63162403e-01)
(-1.97012939e+00)
(-1.09747221e+00)
(-3.84457260e-02)
(-5.15593022e-01)
(-7.17781958e-01)
(-1.98180811e+00)
(-1.86371291e+00)
( 2.83055555e+00)
(-4.10596081e-01)
( 3.06881293e+00)
( 3.47340952e-01)
( 1.14321289e+00)
(-2.08674850e+00)
( 1.72656541e+00)
( 1.89750389e+00)
(-2.64503840e+00)
( 3.12208520e+00)
( 2.32866370e+00)
(-1.25905145e+00)
( 2.32537310e+00)
(-1.20938997e+00)
( 1.43916923e+00)
(-2.71396643e-01)
( 1.08277386e+00)
( 2.06546784e+00)
(-3.70999217e-01)
(-1.58553520e+00)
( 1.49938575e+00)
( 1.26685465e+00)
( 8.05305208e-01)
( 7.47263150e-01)
( 2.75258521e+00)
( 8.06498923e-02)
(-3.35633062e-01)
( 1.60298588e-01)
( 1.54751592e+00)
(-1.45582086e+00)
(-4.49214713e-01)
(-6.19266044e-01)
( 3.06619300e+00)
( 2.45852537e+00)
( 1.53403215e+00)
( 5.41465229e-01)
(-1.09957108e+00)
(-2.15060922e+00)
(-1.76513167e+00)
(-1.89406124e+00)
( 2.94190466e+00)
(-1.20491713e+00)
( 2.15231060e+00)
(-1.01552526e+00)
( 2.20507124e+00)
(-2.77108903e+00)
( 1.89567665e+00)
(-1.24292178e-01)
( 3.07941347e+00)
(-1.10559196e+00)
( 2.48799856e+00)
(-7.65904327e-01)
( 2.35871208e+00)
( 3.13018128e+00)
( 2.02015221e+00)
(-3.21835538e-02)
(-3.10149373e+00)
(-2.43961760e+00)
(-2.82715477e+00)
(-7.49372433e-01)
( 2.72525586e+00)
(-1.87601398e+00)
(-3.03018951e-01)
(-1.77363521e+00)
( 1.61734395e+00)
(-6.84232797e-01)
( 3.10192822e+00)
(-1.20881654e+00)
( 1.10286654e+00)
(-7.89599161e-01)
( 5.68039357e-01)
(-1.08654958e+00)
( 4.45182877e-01)
(-7.43343223e-01)
( 1.45406620e+00)
(-1.23026511e+00)
( 1.84279329e+00)
(-1.64155510e+00)
( 2.17911313e+00)
(-1.69627238e+00)
( 6.92101869e-01)
( 2.42743429e+00)
( 9.50174366e-01)
(-1.34345983e+00)
( 1.09688983e+00)
( 8.26190692e-01)
( 2.23654142e+00)
( 2.97910313e+00)
(-5.24186274e-01)
( 1.78487126e+00)
(-7.19675983e-01)
(-8.60941122e-01)
(-2.38658123e+00)
(-8.94521083e-01)
( 5.93033142e-01)
(-2.10153233e+00)
(-1.30299712e+00)
( 1.94564093e-01)
(-8.57739297e-01)
( 2.41689200e+00)
(-1.12600258e+00)
( 2.51279246e+00)
(-8.18116430e-01)
( 2.75077004e+00)
(-7.27379192e-01)
( 1.52393170e+00)
(-1.24858397e+00)
( 1.07796534e+00)
(-1.26415244e+00)
( 2.01857727e+00)
( 8.13557834e-01)
( 8.63703275e-01)
( 2.26906291e+00)
( 8.53819447e-01)
(-1.03345278e+00)
(-1.01790215e+00)
( 1.05817633e+00)
(-9.56371529e-01)
( 2.84436588e+00)
(-7.74417352e-01)
( 6.82585034e-01)
( 2.15047244e+00)
( 1.06623439e+00)
(-1.95274470e+00)
( 5.29797646e-01)
(-1.01351986e+00)
( 2.76505870e+00)
(-1.94125208e+00)
( 1.37428307e+00)
( 2.55392049e+00)
( 1.02836057e+00)
(-2.31604149e+00)
( 7.59362340e-01)
(-1.24674680e+00)
( 1.83783605e+00)
(-1.47623572e+00)
( 1.90534646e+00)
( 2.75113525e+00)
( 5.27979788e-01)
( 2.60744504e+00)
( 9.20825818e-01)
( 2.88824247e+00)
( 2.35293303e-02)
( 1.39263066e+00)
( 9.56907396e-01)
(-2.39219909e+00)
(-2.07773256e+00)
( 7.14411413e-02)
( 2.21490914e+00)
( 8.77642196e-01)
(-2.51812680e+00)
(-1.89300152e+00)
(-9.00967143e-01)
( 8.86705905e-01)
( 5.63945311e-01)
( 3.06580865e+00)
(-2.59578164e+00)
(-7.92704811e-01)
( 1.15160841e+00)
( 1.23982389e-01)
( 2.79673990e+00)
(-3.39071634e-01)
(-2.15360433e+00)
(-2.25243533e-01)
( 1.84742807e+00)
( 2.51392977e+00)
(-3.17768573e-01)
(-1.60858957e+00)
(-6.64631196e-01)
( 7.93125104e-01)
( 1.09205586e-01)
(-2.44362488e+00)
(-1.45279690e-01)
( 3.04557645e+00)
( 9.86596885e-01)
(-1.42785356e+00)
( 2.05237487e+00)
(-2.58339908e+00)
(-5.45438708e-01)
(-1.12611370e-01)
(-2.53034524e+00)
( 3.23694218e-01)
(-2.30624157e+00)
( 8.06788132e-01)
(-2.03469170e+00)
( 6.75431753e-01)
( 2.55832070e+00)
(-1.05774922e+00)
(-2.72008145e+00)
( 2.37008715e+00)
( 1.46010971e+00)
(-8.99855793e-01)
( 1.17448472e+00)
(-2.36076743e+00)
( 1.25588079e+00)
( 7.45194293e-02)
( 2.41869909e+00)
(-1.25832940e+00)
( 2.48728514e+00)
(-8.90666462e-01)
(-3.19994857e-01)
( 1.15161414e+00)
(-1.43824921e+00)
( 2.48399116e+00)
(-1.25621310e+00)
(-2.12101259e-01)
(-5.89769215e-02)
( 1.50580434e+00)
(-2.94355931e+00)
(-1.38326222e-01)
(-2.08415359e+00)
(-3.19076919e-02)
( 1.86869965e-01)
( 2.15067655e+00)
(-7.61207539e-01)
(-1.31765433e+00)
( 1.12020868e+00)
(-1.01834251e+00)
( 1.45377553e+00)
(-1.85930700e+00)
(-2.90288210e+00)
(-2.54824910e+00)
(-3.54738613e-01)
( 2.50150731e+00)
(-1.33908180e+00)
( 1.73619829e+00)
(-1.65672161e+00)
( 2.29938278e+00)
(-2.96964646e+00)
(-1.75170664e+00)
(-2.02558878e+00)
(-1.60132529e+00)
( 1.87352548e+00)
(-1.38266565e+00)
(-2.80121191e+00)
(-1.29978321e+00)
( 2.65677202e-01)
(-1.16186249e+00)
( 8.32483904e-01)
(-2.94488563e+00)
(-1.99831226e+00)
(-2.15035801e+00)
(-5.40552535e-01)
( 1.59485021e+00)
(-5.36655897e-01)
(-3.12922677e+00)
(-2.59569199e+00)
( 2.27073661e+00)
( 1.63505670e+00)
( 7.47287610e-02)
( 2.78911333e+00)
( 8.25639572e-01)
( 2.80766974e+00)
(-8.42605143e-01)
( 2.40110019e+00)
(-2.27613361e-01)
);
waveAngles
710
(
( 0.00000000e+00)
( 0.00000000e+00)
( 0.00000000e+00)
( 0.00000000e+00)
( 0.00000000e+00)
( 0.00000000e+00)
( 0.00000000e+00)
( 0.00000000e+00)
( 0.00000000e+00)
( 0.00000000e+00)
( 0.00000000e+00)
( 0.00000000e+00)
( 0.00000000e+00)
( 0.00000000e+00)
( 0.00000000e+00)
( 0.00000000e+00)
( 0.00000000e+00)
( 0.00000000e+00)
( 0.00000000e+00)
( 0.00000000e+00)
( 0.00000000e+00)
( 0.00000000e+00)
( 0.00000000e+00)
( 0.00000000e+00)
( 0.00000000e+00)
( 0.00000000e+00)
( 0.00000000e+00)
( 0.00000000e+00)
( 0.00000000e+00)
( 0.00000000e+00)
( 0.00000000e+00)
( 0.00000000e+00)
( 0.00000000e+00)
( 0.00000000e+00)
( 0.00000000e+00)
( 0.00000000e+00)
( 0.00000000e+00)
( 0.00000000e+00)
( 0.00000000e+00)
( 0.00000000e+00)
( 0.00000000e+00)
( 0.00000000e+00)
( 0.00000000e+00)
( 0.00000000e+00)
( 0.00000000e+00)
( 0.00000000e+00)
( 0.00000000e+00)
( 0.00000000e+00)
( 0.00000000e+00)
( 0.00000000e+00)
( 0.00000000e+00)
( 0.00000000e+00)
( 0.00000000e+00)
( 0.00000000e+00)
( 0.00000000e+00)
( 0.00000000e+00)
( 0.00000000e+00)
( 0.00000000e+00)
( 0.00000000e+00)
( 0.00000000e+00)
( 0.00000000e+00)
( 0.00000000e+00)
( 0.00000000e+00)
( 0.00000000e+00)
( 0.00000000e+00)
( 0.00000000e+00)
( 0.00000000e+00)
( 0.00000000e+00)
( 0.00000000e+00)
( 0.00000000e+00)
( 0.00000000e+00)
( 0.00000000e+00)
( 0.00000000e+00)
( 0.00000000e+00)
( 0.00000000e+00)
( 0.00000000e+00)
( 0.00000000e+00)
( 0.00000000e+00)
( 0.00000000e+00)
( 0.00000000e+00)
( 0.00000000e+00)
( 0.00000000e+00)
( 0.00000000e+00)
( 0.00000000e+00)
( 0.00000000e+00)
( 0.00000000e+00)
( 0.00000000e+00)
( 0.00000000e+00)
( 0.00000000e+00)
( 0.00000000e+00)
( 0.00000000e+00)
( 0.00000000e+00)
( 0.00000000e+00)
( 0.00000000e+00)
( 0.00000000e+00)
( 0.00000000e+00)
( 0.00000000e+00)
( 0.00000000e+00)
( 0.00000000e+00)
( 0.00000000e+00)
( 0.00000000e+00)
( 0.00000000e+00)
( 0.00000000e+00)
( 0.00000000e+00)
( 0.00000000e+00)
( 0.00000000e+00)
( 0.00000000e+00)
( 0.00000000e+00)
( 0.00000000e+00)
( 0.00000000e+00)
( 0.00000000e+00)
( 0.00000000e+00)
( 0.00000000e+00)
( 0.00000000e+00)
( 0.00000000e+00)
( 0.00000000e+00)
( 0.00000000e+00)
( 0.00000000e+00)
( 0.00000000e+00)
( 0.00000000e+00)
( 0.00000000e+00)
( 0.00000000e+00)
( 0.00000000e+00)
( 0.00000000e+00)
( 0.00000000e+00)
( 0.00000000e+00)
( 0.00000000e+00)
( 0.00000000e+00)
( 0.00000000e+00)
( 0.00000000e+00)
( 0.00000000e+00)
( 0.00000000e+00)
( 0.00000000e+00)
( 0.00000000e+00)
( 0.00000000e+00)
( 0.00000000e+00)
( 0.00000000e+00)
( 0.00000000e+00)
( 0.00000000e+00)
( 0.00000000e+00)
( 0.00000000e+00)
( 0.00000000e+00)
( 0.00000000e+00)
( 0.00000000e+00)
( 0.00000000e+00)
( 0.00000000e+00)
( 0.00000000e+00)
( 0.00000000e+00)
( 0.00000000e+00)
( 0.00000000e+00)
( 0.00000000e+00)
( 0.00000000e+00)
( 0.00000000e+00)
( 0.00000000e+00)
( 0.00000000e+00)
( 0.00000000e+00)
( 0.00000000e+00)
( 0.00000000e+00)
( 0.00000000e+00)
( 0.00000000e+00)
( 0.00000000e+00)
( 0.00000000e+00)
( 0.00000000e+00)
( 0.00000000e+00)
( 0.00000000e+00)
( 0.00000000e+00)
( 0.00000000e+00)
( 0.00000000e+00)
( 0.00000000e+00)
( 0.00000000e+00)
( 0.00000000e+00)
( 0.00000000e+00)
( 0.00000000e+00)
( 0.00000000e+00)
( 0.00000000e+00)
( 0.00000000e+00)
( 0.00000000e+00)
( 0.00000000e+00)
( 0.00000000e+00)
( 0.00000000e+00)
( 0.00000000e+00)
( 0.00000000e+00)
( 0.00000000e+00)
( 0.00000000e+00)
( 0.00000000e+00)
( 0.00000000e+00)
( 0.00000000e+00)
( 0.00000000e+00)
( 0.00000000e+00)
( 0.00000000e+00)
( 0.00000000e+00)
( 0.00000000e+00)
( 0.00000000e+00)
( 0.00000000e+00)
( 0.00000000e+00)
( 0.00000000e+00)
( 0.00000000e+00)
( 0.00000000e+00)
( 0.00000000e+00)
( 0.00000000e+00)
( 0.00000000e+00)
( 0.00000000e+00)
( 0.00000000e+00)
( 0.00000000e+00)
( 0.00000000e+00)
( 0.00000000e+00)
( 0.00000000e+00)
( 0.00000000e+00)
( 0.00000000e+00)
( 0.00000000e+00)
( 0.00000000e+00)
( 0.00000000e+00)
( 0.00000000e+00)
( 0.00000000e+00)
( 0.00000000e+00)
( 0.00000000e+00)
( 0.00000000e+00)
( 0.00000000e+00)
( 0.00000000e+00)
( 0.00000000e+00)
( 0.00000000e+00)
( 0.00000000e+00)
( 0.00000000e+00)
( 0.00000000e+00)
( 0.00000000e+00)
( 0.00000000e+00)
( 0.00000000e+00)
( 0.00000000e+00)
( 0.00000000e+00)
( 0.00000000e+00)
( 0.00000000e+00)
( 0.00000000e+00)
( 0.00000000e+00)
( 0.00000000e+00)
( 0.00000000e+00)
( 0.00000000e+00)
( 0.00000000e+00)
( 0.00000000e+00)
( 0.00000000e+00)
( 0.00000000e+00)
( 0.00000000e+00)
( 0.00000000e+00)
( 0.00000000e+00)
( 0.00000000e+00)
( 0.00000000e+00)
( 0.00000000e+00)
( 0.00000000e+00)
( 0.00000000e+00)
( 0.00000000e+00)
( 0.00000000e+00)
( 0.00000000e+00)
( 0.00000000e+00)
( 0.00000000e+00)
( 0.00000000e+00)
( 0.00000000e+00)
( 0.00000000e+00)
( 0.00000000e+00)
( 0.00000000e+00)
( 0.00000000e+00)
( 0.00000000e+00)
( 0.00000000e+00)
( 0.00000000e+00)
( 0.00000000e+00)
( 0.00000000e+00)
( 0.00000000e+00)
( 0.00000000e+00)
( 0.00000000e+00)
( 0.00000000e+00)
( 0.00000000e+00)
( 0.00000000e+00)
( 0.00000000e+00)
( 0.00000000e+00)
( 0.00000000e+00)
( 0.00000000e+00)
( 0.00000000e+00)
( 0.00000000e+00)
( 0.00000000e+00)
( 0.00000000e+00)
( 0.00000000e+00)
( 0.00000000e+00)
( 0.00000000e+00)
( 0.00000000e+00)
( 0.00000000e+00)
( 0.00000000e+00)
( 0.00000000e+00)
( 0.00000000e+00)
( 0.00000000e+00)
( 0.00000000e+00)
( 0.00000000e+00)
( 0.00000000e+00)
( 0.00000000e+00)
( 0.00000000e+00)
( 0.00000000e+00)
( 0.00000000e+00)
( 0.00000000e+00)
( 0.00000000e+00)
( 0.00000000e+00)
( 0.00000000e+00)
( 0.00000000e+00)
( 0.00000000e+00)
( 0.00000000e+00)
( 0.00000000e+00)
( 0.00000000e+00)
( 0.00000000e+00)
( 0.00000000e+00)
( 0.00000000e+00)
( 0.00000000e+00)
( 0.00000000e+00)
( 0.00000000e+00)
( 0.00000000e+00)
( 0.00000000e+00)
( 0.00000000e+00)
( 0.00000000e+00)
( 0.00000000e+00)
( 0.00000000e+00)
( 0.00000000e+00)
( 0.00000000e+00)
( 0.00000000e+00)
( 0.00000000e+00)
( 0.00000000e+00)
( 0.00000000e+00)
( 0.00000000e+00)
( 0.00000000e+00)
( 0.00000000e+00)
( 0.00000000e+00)
( 0.00000000e+00)
( 0.00000000e+00)
( 0.00000000e+00)
( 0.00000000e+00)
( 0.00000000e+00)
( 0.00000000e+00)
( 0.00000000e+00)
( 0.00000000e+00)
( 0.00000000e+00)
( 0.00000000e+00)
( 0.00000000e+00)
( 0.00000000e+00)
( 0.00000000e+00)
( 0.00000000e+00)
( 0.00000000e+00)
( 0.00000000e+00)
( 0.00000000e+00)
( 0.00000000e+00)
( 0.00000000e+00)
( 0.00000000e+00)
( 0.00000000e+00)
( 0.00000000e+00)
( 0.00000000e+00)
( 0.00000000e+00)
( 0.00000000e+00)
( 0.00000000e+00)
( 0.00000000e+00)
( 0.00000000e+00)
( 0.00000000e+00)
( 0.00000000e+00)
( 0.00000000e+00)
( 0.00000000e+00)
( 0.00000000e+00)
( 0.00000000e+00)
( 0.00000000e+00)
( 0.00000000e+00)
( 0.00000000e+00)
( 0.00000000e+00)
( 0.00000000e+00)
( 0.00000000e+00)
( 0.00000000e+00)
( 0.00000000e+00)
( 0.00000000e+00)
( 0.00000000e+00)
( 0.00000000e+00)
( 0.00000000e+00)
( 0.00000000e+00)
( 0.00000000e+00)
( 0.00000000e+00)
( 0.00000000e+00)
( 0.00000000e+00)
( 0.00000000e+00)
( 0.00000000e+00)
( 0.00000000e+00)
( 0.00000000e+00)
( 0.00000000e+00)
( 0.00000000e+00)
( 0.00000000e+00)
( 0.00000000e+00)
( 0.00000000e+00)
( 0.00000000e+00)
( 0.00000000e+00)
( 0.00000000e+00)
( 0.00000000e+00)
( 0.00000000e+00)
( 0.00000000e+00)
( 0.00000000e+00)
( 0.00000000e+00)
( 0.00000000e+00)
( 0.00000000e+00)
( 0.00000000e+00)
( 0.00000000e+00)
( 0.00000000e+00)
( 0.00000000e+00)
( 0.00000000e+00)
( 0.00000000e+00)
( 0.00000000e+00)
( 0.00000000e+00)
( 0.00000000e+00)
( 0.00000000e+00)
( 0.00000000e+00)
( 0.00000000e+00)
( 0.00000000e+00)
( 0.00000000e+00)
( 0.00000000e+00)
( 0.00000000e+00)
( 0.00000000e+00)
( 0.00000000e+00)
( 0.00000000e+00)
( 0.00000000e+00)
( 0.00000000e+00)
( 0.00000000e+00)
( 0.00000000e+00)
( 0.00000000e+00)
( 0.00000000e+00)
( 0.00000000e+00)
( 0.00000000e+00)
( 0.00000000e+00)
( 0.00000000e+00)
( 0.00000000e+00)
( 0.00000000e+00)
( 0.00000000e+00)
( 0.00000000e+00)
( 0.00000000e+00)
( 0.00000000e+00)
( 0.00000000e+00)
( 0.00000000e+00)
( 0.00000000e+00)
( 0.00000000e+00)
( 0.00000000e+00)
( 0.00000000e+00)
( 0.00000000e+00)
( 0.00000000e+00)
( 0.00000000e+00)
( 0.00000000e+00)
( 0.00000000e+00)
( 0.00000000e+00)
( 0.00000000e+00)
( 0.00000000e+00)
( 0.00000000e+00)
( 0.00000000e+00)
( 0.00000000e+00)
( 0.00000000e+00)
( 0.00000000e+00)
( 0.00000000e+00)
( 0.00000000e+00)
( 0.00000000e+00)
( 0.00000000e+00)
( 0.00000000e+00)
( 0.00000000e+00)
( 0.00000000e+00)
( 0.00000000e+00)
( 0.00000000e+00)
( 0.00000000e+00)
( 0.00000000e+00)
( 0.00000000e+00)
( 0.00000000e+00)
( 0.00000000e+00)
( 0.00000000e+00)
( 0.00000000e+00)
( 0.00000000e+00)
( 0.00000000e+00)
( 0.00000000e+00)
( 0.00000000e+00)
( 0.00000000e+00)
( 0.00000000e+00)
( 0.00000000e+00)
( 0.00000000e+00)
( 0.00000000e+00)
( 0.00000000e+00)
( 0.00000000e+00)
( 0.00000000e+00)
( 0.00000000e+00)
( 0.00000000e+00)
( 0.00000000e+00)
( 0.00000000e+00)
( 0.00000000e+00)
( 0.00000000e+00)
( 0.00000000e+00)
( 0.00000000e+00)
( 0.00000000e+00)
( 0.00000000e+00)
( 0.00000000e+00)
( 0.00000000e+00)
( 0.00000000e+00)
( 0.00000000e+00)
( 0.00000000e+00)
( 0.00000000e+00)
( 0.00000000e+00)
( 0.00000000e+00)
( 0.00000000e+00)
( 0.00000000e+00)
( 0.00000000e+00)
( 0.00000000e+00)
( 0.00000000e+00)
( 0.00000000e+00)
( 0.00000000e+00)
( 0.00000000e+00)
( 0.00000000e+00)
( 0.00000000e+00)
( 0.00000000e+00)
( 0.00000000e+00)
( 0.00000000e+00)
( 0.00000000e+00)
( 0.00000000e+00)
( 0.00000000e+00)
( 0.00000000e+00)
( 0.00000000e+00)
( 0.00000000e+00)
( 0.00000000e+00)
( 0.00000000e+00)
( 0.00000000e+00)
( 0.00000000e+00)
( 0.00000000e+00)
( 0.00000000e+00)
( 0.00000000e+00)
( 0.00000000e+00)
( 0.00000000e+00)
( 0.00000000e+00)
( 0.00000000e+00)
( 0.00000000e+00)
( 0.00000000e+00)
( 0.00000000e+00)
( 0.00000000e+00)
( 0.00000000e+00)
( 0.00000000e+00)
( 0.00000000e+00)
( 0.00000000e+00)
( 0.00000000e+00)
( 0.00000000e+00)
( 0.00000000e+00)
( 0.00000000e+00)
( 0.00000000e+00)
( 0.00000000e+00)
( 0.00000000e+00)
( 0.00000000e+00)
( 0.00000000e+00)
( 0.00000000e+00)
( 0.00000000e+00)
( 0.00000000e+00)
( 0.00000000e+00)
( 0.00000000e+00)
( 0.00000000e+00)
( 0.00000000e+00)
( 0.00000000e+00)
( 0.00000000e+00)
( 0.00000000e+00)
( 0.00000000e+00)
( 0.00000000e+00)
( 0.00000000e+00)
( 0.00000000e+00)
( 0.00000000e+00)
( 0.00000000e+00)
( 0.00000000e+00)
( 0.00000000e+00)
( 0.00000000e+00)
( 0.00000000e+00)
( 0.00000000e+00)
( 0.00000000e+00)
( 0.00000000e+00)
( 0.00000000e+00)
( 0.00000000e+00)
( 0.00000000e+00)
( 0.00000000e+00)
( 0.00000000e+00)
( 0.00000000e+00)
( 0.00000000e+00)
( 0.00000000e+00)
( 0.00000000e+00)
( 0.00000000e+00)
( 0.00000000e+00)
( 0.00000000e+00)
( 0.00000000e+00)
( 0.00000000e+00)
( 0.00000000e+00)
( 0.00000000e+00)
( 0.00000000e+00)
( 0.00000000e+00)
( 0.00000000e+00)
( 0.00000000e+00)
( 0.00000000e+00)
( 0.00000000e+00)
( 0.00000000e+00)
( 0.00000000e+00)
( 0.00000000e+00)
( 0.00000000e+00)
( 0.00000000e+00)
( 0.00000000e+00)
( 0.00000000e+00)
( 0.00000000e+00)
( 0.00000000e+00)
( 0.00000000e+00)
( 0.00000000e+00)
( 0.00000000e+00)
( 0.00000000e+00)
( 0.00000000e+00)
( 0.00000000e+00)
( 0.00000000e+00)
( 0.00000000e+00)
( 0.00000000e+00)
( 0.00000000e+00)
( 0.00000000e+00)
( 0.00000000e+00)
( 0.00000000e+00)
( 0.00000000e+00)
( 0.00000000e+00)
( 0.00000000e+00)
( 0.00000000e+00)
( 0.00000000e+00)
( 0.00000000e+00)
( 0.00000000e+00)
( 0.00000000e+00)
( 0.00000000e+00)
( 0.00000000e+00)
( 0.00000000e+00)
( 0.00000000e+00)
( 0.00000000e+00)
( 0.00000000e+00)
( 0.00000000e+00)
( 0.00000000e+00)
( 0.00000000e+00)
( 0.00000000e+00)
( 0.00000000e+00)
( 0.00000000e+00)
( 0.00000000e+00)
( 0.00000000e+00)
( 0.00000000e+00)
( 0.00000000e+00)
( 0.00000000e+00)
( 0.00000000e+00)
( 0.00000000e+00)
( 0.00000000e+00)
( 0.00000000e+00)
( 0.00000000e+00)
( 0.00000000e+00)
( 0.00000000e+00)
( 0.00000000e+00)
( 0.00000000e+00)
( 0.00000000e+00)
( 0.00000000e+00)
( 0.00000000e+00)
( 0.00000000e+00)
( 0.00000000e+00)
( 0.00000000e+00)
( 0.00000000e+00)
( 0.00000000e+00)
( 0.00000000e+00)
( 0.00000000e+00)
( 0.00000000e+00)
( 0.00000000e+00)
( 0.00000000e+00)
( 0.00000000e+00)
( 0.00000000e+00)
( 0.00000000e+00)
( 0.00000000e+00)
( 0.00000000e+00)
( 0.00000000e+00)
( 0.00000000e+00)
( 0.00000000e+00)
( 0.00000000e+00)
( 0.00000000e+00)
( 0.00000000e+00)
( 0.00000000e+00)
( 0.00000000e+00)
( 0.00000000e+00)
( 0.00000000e+00)
( 0.00000000e+00)
( 0.00000000e+00)
( 0.00000000e+00)
( 0.00000000e+00)
( 0.00000000e+00)
( 0.00000000e+00)
( 0.00000000e+00)
( 0.00000000e+00)
( 0.00000000e+00)
( 0.00000000e+00)
( 0.00000000e+00)
( 0.00000000e+00)
( 0.00000000e+00)
( 0.00000000e+00)
( 0.00000000e+00)
( 0.00000000e+00)
( 0.00000000e+00)
( 0.00000000e+00)
( 0.00000000e+00)
( 0.00000000e+00)
( 0.00000000e+00)
( 0.00000000e+00)
( 0.00000000e+00)
( 0.00000000e+00)
( 0.00000000e+00)
( 0.00000000e+00)
( 0.00000000e+00)
( 0.00000000e+00)
( 0.00000000e+00)
( 0.00000000e+00)
( 0.00000000e+00)
( 0.00000000e+00)
( 0.00000000e+00)
( 0.00000000e+00)
( 0.00000000e+00)
( 0.00000000e+00)
( 0.00000000e+00)
( 0.00000000e+00)
( 0.00000000e+00)
);
waveDirs
710
(
( 0.00000000e+00)
( 0.00000000e+00)
( 0.00000000e+00)
( 0.00000000e+00)
( 0.00000000e+00)
( 0.00000000e+00)
( 0.00000000e+00)
( 0.00000000e+00)
( 0.00000000e+00)
( 0.00000000e+00)
( 0.00000000e+00)
( 0.00000000e+00)
( 0.00000000e+00)
( 0.00000000e+00)
( 0.00000000e+00)
( 0.00000000e+00)
( 0.00000000e+00)
( 0.00000000e+00)
( 0.00000000e+00)
( 0.00000000e+00)
( 0.00000000e+00)
( 0.00000000e+00)
( 0.00000000e+00)
( 0.00000000e+00)
( 0.00000000e+00)
( 0.00000000e+00)
( 0.00000000e+00)
( 0.00000000e+00)
( 0.00000000e+00)
( 0.00000000e+00)
( 0.00000000e+00)
( 0.00000000e+00)
( 0.00000000e+00)
( 0.00000000e+00)
( 0.00000000e+00)
( 0.00000000e+00)
( 0.00000000e+00)
( 0.00000000e+00)
( 0.00000000e+00)
( 0.00000000e+00)
( 0.00000000e+00)
( 0.00000000e+00)
( 0.00000000e+00)
( 0.00000000e+00)
( 0.00000000e+00)
( 0.00000000e+00)
( 0.00000000e+00)
( 0.00000000e+00)
( 0.00000000e+00)
( 0.00000000e+00)
( 0.00000000e+00)
( 0.00000000e+00)
( 0.00000000e+00)
( 0.00000000e+00)
( 0.00000000e+00)
( 0.00000000e+00)
( 0.00000000e+00)
( 0.00000000e+00)
( 0.00000000e+00)
( 0.00000000e+00)
( 0.00000000e+00)
( 0.00000000e+00)
( 0.00000000e+00)
( 0.00000000e+00)
( 0.00000000e+00)
( 0.00000000e+00)
( 0.00000000e+00)
( 0.00000000e+00)
( 0.00000000e+00)
( 0.00000000e+00)
( 0.00000000e+00)
( 0.00000000e+00)
( 0.00000000e+00)
( 0.00000000e+00)
( 0.00000000e+00)
( 0.00000000e+00)
( 0.00000000e+00)
( 0.00000000e+00)
( 0.00000000e+00)
( 0.00000000e+00)
( 0.00000000e+00)
( 0.00000000e+00)
( 0.00000000e+00)
( 0.00000000e+00)
( 0.00000000e+00)
( 0.00000000e+00)
( 0.00000000e+00)
( 0.00000000e+00)
( 0.00000000e+00)
( 0.00000000e+00)
( 0.00000000e+00)
( 0.00000000e+00)
( 0.00000000e+00)
( 0.00000000e+00)
( 0.00000000e+00)
( 0.00000000e+00)
( 0.00000000e+00)
( 0.00000000e+00)
( 0.00000000e+00)
( 0.00000000e+00)
( 0.00000000e+00)
( 0.00000000e+00)
( 0.00000000e+00)
( 0.00000000e+00)
( 0.00000000e+00)
( 0.00000000e+00)
( 0.00000000e+00)
( 0.00000000e+00)
( 0.00000000e+00)
( 0.00000000e+00)
( 0.00000000e+00)
( 0.00000000e+00)
( 0.00000000e+00)
( 0.00000000e+00)
( 0.00000000e+00)
( 0.00000000e+00)
( 0.00000000e+00)
( 0.00000000e+00)
( 0.00000000e+00)
( 0.00000000e+00)
( 0.00000000e+00)
( 0.00000000e+00)
( 0.00000000e+00)
( 0.00000000e+00)
( 0.00000000e+00)
( 0.00000000e+00)
( 0.00000000e+00)
( 0.00000000e+00)
( 0.00000000e+00)
( 0.00000000e+00)
( 0.00000000e+00)
( 0.00000000e+00)
( 0.00000000e+00)
( 0.00000000e+00)
( 0.00000000e+00)
( 0.00000000e+00)
( 0.00000000e+00)
( 0.00000000e+00)
( 0.00000000e+00)
( 0.00000000e+00)
( 0.00000000e+00)
( 0.00000000e+00)
( 0.00000000e+00)
( 0.00000000e+00)
( 0.00000000e+00)
( 0.00000000e+00)
( 0.00000000e+00)
( 0.00000000e+00)
( 0.00000000e+00)
( 0.00000000e+00)
( 0.00000000e+00)
( 0.00000000e+00)
( 0.00000000e+00)
( 0.00000000e+00)
( 0.00000000e+00)
( 0.00000000e+00)
( 0.00000000e+00)
( 0.00000000e+00)
( 0.00000000e+00)
( 0.00000000e+00)
( 0.00000000e+00)
( 0.00000000e+00)
( 0.00000000e+00)
( 0.00000000e+00)
( 0.00000000e+00)
( 0.00000000e+00)
( 0.00000000e+00)
( 0.00000000e+00)
( 0.00000000e+00)
( 0.00000000e+00)
( 0.00000000e+00)
( 0.00000000e+00)
( 0.00000000e+00)
( 0.00000000e+00)
( 0.00000000e+00)
( 0.00000000e+00)
( 0.00000000e+00)
( 0.00000000e+00)
( 0.00000000e+00)
( 0.00000000e+00)
( 0.00000000e+00)
( 0.00000000e+00)
( 0.00000000e+00)
( 0.00000000e+00)
( 0.00000000e+00)
( 0.00000000e+00)
( 0.00000000e+00)
( 0.00000000e+00)
( 0.00000000e+00)
( 0.00000000e+00)
( 0.00000000e+00)
( 0.00000000e+00)
( 0.00000000e+00)
( 0.00000000e+00)
( 0.00000000e+00)
( 0.00000000e+00)
( 0.00000000e+00)
( 0.00000000e+00)
( 0.00000000e+00)
( 0.00000000e+00)
( 0.00000000e+00)
( 0.00000000e+00)
( 0.00000000e+00)
( 0.00000000e+00)
( 0.00000000e+00)
( 0.00000000e+00)
( 0.00000000e+00)
( 0.00000000e+00)
( 0.00000000e+00)
( 0.00000000e+00)
( 0.00000000e+00)
( 0.00000000e+00)
( 0.00000000e+00)
( 0.00000000e+00)
( 0.00000000e+00)
( 0.00000000e+00)
( 0.00000000e+00)
( 0.00000000e+00)
( 0.00000000e+00)
( 0.00000000e+00)
( 0.00000000e+00)
( 0.00000000e+00)
( 0.00000000e+00)
( 0.00000000e+00)
( 0.00000000e+00)
( 0.00000000e+00)
( 0.00000000e+00)
( 0.00000000e+00)
( 0.00000000e+00)
( 0.00000000e+00)
( 0.00000000e+00)
( 0.00000000e+00)
( 0.00000000e+00)
( 0.00000000e+00)
( 0.00000000e+00)
( 0.00000000e+00)
( 0.00000000e+00)
( 0.00000000e+00)
( 0.00000000e+00)
( 0.00000000e+00)
( 0.00000000e+00)
( 0.00000000e+00)
( 0.00000000e+00)
( 0.00000000e+00)
( 0.00000000e+00)
( 0.00000000e+00)
( 0.00000000e+00)
( 0.00000000e+00)
( 0.00000000e+00)
( 0.00000000e+00)
( 0.00000000e+00)
( 0.00000000e+00)
( 0.00000000e+00)
( 0.00000000e+00)
( 0.00000000e+00)
( 0.00000000e+00)
( 0.00000000e+00)
( 0.00000000e+00)
( 0.00000000e+00)
( 0.00000000e+00)
( 0.00000000e+00)
( 0.00000000e+00)
( 0.00000000e+00)
( 0.00000000e+00)
( 0.00000000e+00)
( 0.00000000e+00)
( 0.00000000e+00)
( 0.00000000e+00)
( 0.00000000e+00)
( 0.00000000e+00)
( 0.00000000e+00)
( 0.00000000e+00)
( 0.00000000e+00)
( 0.00000000e+00)
( 0.00000000e+00)
( 0.00000000e+00)
( 0.00000000e+00)
( 0.00000000e+00)
( 0.00000000e+00)
( 0.00000000e+00)
( 0.00000000e+00)
( 0.00000000e+00)
( 0.00000000e+00)
( 0.00000000e+00)
( 0.00000000e+00)
( 0.00000000e+00)
( 0.00000000e+00)
( 0.00000000e+00)
( 0.00000000e+00)
( 0.00000000e+00)
( 0.00000000e+00)
( 0.00000000e+00)
( 0.00000000e+00)
( 0.00000000e+00)
( 0.00000000e+00)
( 0.00000000e+00)
( 0.00000000e+00)
( 0.00000000e+00)
( 0.00000000e+00)
( 0.00000000e+00)
( 0.00000000e+00)
( 0.00000000e+00)
( 0.00000000e+00)
( 0.00000000e+00)
( 0.00000000e+00)
( 0.00000000e+00)
( 0.00000000e+00)
( 0.00000000e+00)
( 0.00000000e+00)
( 0.00000000e+00)
( 0.00000000e+00)
( 0.00000000e+00)
( 0.00000000e+00)
( 0.00000000e+00)
( 0.00000000e+00)
( 0.00000000e+00)
( 0.00000000e+00)
( 0.00000000e+00)
( 0.00000000e+00)
( 0.00000000e+00)
( 0.00000000e+00)
( 0.00000000e+00)
( 0.00000000e+00)
( 0.00000000e+00)
( 0.00000000e+00)
( 0.00000000e+00)
( 0.00000000e+00)
( 0.00000000e+00)
( 0.00000000e+00)
( 0.00000000e+00)
( 0.00000000e+00)
( 0.00000000e+00)
( 0.00000000e+00)
( 0.00000000e+00)
( 0.00000000e+00)
( 0.00000000e+00)
( 0.00000000e+00)
( 0.00000000e+00)
( 0.00000000e+00)
( 0.00000000e+00)
( 0.00000000e+00)
( 0.00000000e+00)
( 0.00000000e+00)
( 0.00000000e+00)
( 0.00000000e+00)
( 0.00000000e+00)
( 0.00000000e+00)
( 0.00000000e+00)
( 0.00000000e+00)
( 0.00000000e+00)
( 0.00000000e+00)
( 0.00000000e+00)
( 0.00000000e+00)
( 0.00000000e+00)
( 0.00000000e+00)
( 0.00000000e+00)
( 0.00000000e+00)
( 0.00000000e+00)
( 0.00000000e+00)
( 0.00000000e+00)
( 0.00000000e+00)
( 0.00000000e+00)
( 0.00000000e+00)
( 0.00000000e+00)
( 0.00000000e+00)
( 0.00000000e+00)
( 0.00000000e+00)
( 0.00000000e+00)
( 0.00000000e+00)
( 0.00000000e+00)
( 0.00000000e+00)
( 0.00000000e+00)
( 0.00000000e+00)
( 0.00000000e+00)
( 0.00000000e+00)
( 0.00000000e+00)
( 0.00000000e+00)
( 0.00000000e+00)
( 0.00000000e+00)
( 0.00000000e+00)
( 0.00000000e+00)
( 0.00000000e+00)
( 0.00000000e+00)
( 0.00000000e+00)
( 0.00000000e+00)
( 0.00000000e+00)
( 0.00000000e+00)
( 0.00000000e+00)
( 0.00000000e+00)
( 0.00000000e+00)
( 0.00000000e+00)
( 0.00000000e+00)
( 0.00000000e+00)
( 0.00000000e+00)
( 0.00000000e+00)
( 0.00000000e+00)
( 0.00000000e+00)
( 0.00000000e+00)
( 0.00000000e+00)
( 0.00000000e+00)
( 0.00000000e+00)
( 0.00000000e+00)
( 0.00000000e+00)
( 0.00000000e+00)
( 0.00000000e+00)
( 0.00000000e+00)
( 0.00000000e+00)
( 0.00000000e+00)
( 0.00000000e+00)
( 0.00000000e+00)
( 0.00000000e+00)
( 0.00000000e+00)
( 0.00000000e+00)
( 0.00000000e+00)
( 0.00000000e+00)
( 0.00000000e+00)
( 0.00000000e+00)
( 0.00000000e+00)
( 0.00000000e+00)
( 0.00000000e+00)
( 0.00000000e+00)
( 0.00000000e+00)
( 0.00000000e+00)
( 0.00000000e+00)
( 0.00000000e+00)
( 0.00000000e+00)
( 0.00000000e+00)
( 0.00000000e+00)
( 0.00000000e+00)
( 0.00000000e+00)
( 0.00000000e+00)
( 0.00000000e+00)
( 0.00000000e+00)
( 0.00000000e+00)
( 0.00000000e+00)
( 0.00000000e+00)
( 0.00000000e+00)
( 0.00000000e+00)
( 0.00000000e+00)
( 0.00000000e+00)
( 0.00000000e+00)
( 0.00000000e+00)
( 0.00000000e+00)
( 0.00000000e+00)
( 0.00000000e+00)
( 0.00000000e+00)
( 0.00000000e+00)
( 0.00000000e+00)
( 0.00000000e+00)
( 0.00000000e+00)
( 0.00000000e+00)
( 0.00000000e+00)
( 0.00000000e+00)
( 0.00000000e+00)
( 0.00000000e+00)
( 0.00000000e+00)
( 0.00000000e+00)
( 0.00000000e+00)
( 0.00000000e+00)
( 0.00000000e+00)
( 0.00000000e+00)
( 0.00000000e+00)
( 0.00000000e+00)
( 0.00000000e+00)
( 0.00000000e+00)
( 0.00000000e+00)
( 0.00000000e+00)
( 0.00000000e+00)
( 0.00000000e+00)
( 0.00000000e+00)
( 0.00000000e+00)
( 0.00000000e+00)
( 0.00000000e+00)
( 0.00000000e+00)
( 0.00000000e+00)
( 0.00000000e+00)
( 0.00000000e+00)
( 0.00000000e+00)
( 0.00000000e+00)
( 0.00000000e+00)
( 0.00000000e+00)
( 0.00000000e+00)
( 0.00000000e+00)
( 0.00000000e+00)
( 0.00000000e+00)
( 0.00000000e+00)
( 0.00000000e+00)
( 0.00000000e+00)
( 0.00000000e+00)
( 0.00000000e+00)
( 0.00000000e+00)
( 0.00000000e+00)
( 0.00000000e+00)
( 0.00000000e+00)
( 0.00000000e+00)
( 0.00000000e+00)
( 0.00000000e+00)
( 0.00000000e+00)
( 0.00000000e+00)
( 0.00000000e+00)
( 0.00000000e+00)
( 0.00000000e+00)
( 0.00000000e+00)
( 0.00000000e+00)
( 0.00000000e+00)
( 0.00000000e+00)
( 0.00000000e+00)
( 0.00000000e+00)
( 0.00000000e+00)
( 0.00000000e+00)
( 0.00000000e+00)
( 0.00000000e+00)
( 0.00000000e+00)
( 0.00000000e+00)
( 0.00000000e+00)
( 0.00000000e+00)
( 0.00000000e+00)
( 0.00000000e+00)
( 0.00000000e+00)
( 0.00000000e+00)
( 0.00000000e+00)
( 0.00000000e+00)
( 0.00000000e+00)
( 0.00000000e+00)
( 0.00000000e+00)
( 0.00000000e+00)
( 0.00000000e+00)
( 0.00000000e+00)
( 0.00000000e+00)
( 0.00000000e+00)
( 0.00000000e+00)
( 0.00000000e+00)
( 0.00000000e+00)
( 0.00000000e+00)
( 0.00000000e+00)
( 0.00000000e+00)
( 0.00000000e+00)
( 0.00000000e+00)
( 0.00000000e+00)
( 0.00000000e+00)
( 0.00000000e+00)
( 0.00000000e+00)
( 0.00000000e+00)
( 0.00000000e+00)
( 0.00000000e+00)
( 0.00000000e+00)
( 0.00000000e+00)
( 0.00000000e+00)
( 0.00000000e+00)
( 0.00000000e+00)
( 0.00000000e+00)
( 0.00000000e+00)
( 0.00000000e+00)
( 0.00000000e+00)
( 0.00000000e+00)
( 0.00000000e+00)
( 0.00000000e+00)
( 0.00000000e+00)
( 0.00000000e+00)
( 0.00000000e+00)
( 0.00000000e+00)
( 0.00000000e+00)
( 0.00000000e+00)
( 0.00000000e+00)
( 0.00000000e+00)
( 0.00000000e+00)
( 0.00000000e+00)
( 0.00000000e+00)
( 0.00000000e+00)
( 0.00000000e+00)
( 0.00000000e+00)
( 0.00000000e+00)
( 0.00000000e+00)
( 0.00000000e+00)
( 0.00000000e+00)
( 0.00000000e+00)
( 0.00000000e+00)
( 0.00000000e+00)
( 0.00000000e+00)
( 0.00000000e+00)
( 0.00000000e+00)
( 0.00000000e+00)
( 0.00000000e+00)
( 0.00000000e+00)
( 0.00000000e+00)
( 0.00000000e+00)
( 0.00000000e+00)
( 0.00000000e+00)
( 0.00000000e+00)
( 0.00000000e+00)
( 0.00000000e+00)
( 0.00000000e+00)
( 0.00000000e+00)
( 0.00000000e+00)
( 0.00000000e+00)
( 0.00000000e+00)
( 0.00000000e+00)
( 0.00000000e+00)
( 0.00000000e+00)
( 0.00000000e+00)
( 0.00000000e+00)
( 0.00000000e+00)
( 0.00000000e+00)
( 0.00000000e+00)
( 0.00000000e+00)
( 0.00000000e+00)
( 0.00000000e+00)
( 0.00000000e+00)
( 0.00000000e+00)
( 0.00000000e+00)
( 0.00000000e+00)
( 0.00000000e+00)
( 0.00000000e+00)
( 0.00000000e+00)
( 0.00000000e+00)
( 0.00000000e+00)
( 0.00000000e+00)
( 0.00000000e+00)
( 0.00000000e+00)
( 0.00000000e+00)
( 0.00000000e+00)
( 0.00000000e+00)
( 0.00000000e+00)
( 0.00000000e+00)
( 0.00000000e+00)
( 0.00000000e+00)
( 0.00000000e+00)
( 0.00000000e+00)
( 0.00000000e+00)
( 0.00000000e+00)
( 0.00000000e+00)
( 0.00000000e+00)
( 0.00000000e+00)
( 0.00000000e+00)
( 0.00000000e+00)
( 0.00000000e+00)
( 0.00000000e+00)
( 0.00000000e+00)
( 0.00000000e+00)
( 0.00000000e+00)
( 0.00000000e+00)
( 0.00000000e+00)
( 0.00000000e+00)
( 0.00000000e+00)
( 0.00000000e+00)
( 0.00000000e+00)
( 0.00000000e+00)
( 0.00000000e+00)
( 0.00000000e+00)
( 0.00000000e+00)
( 0.00000000e+00)
( 0.00000000e+00)
( 0.00000000e+00)
( 0.00000000e+00)
( 0.00000000e+00)
( 0.00000000e+00)
( 0.00000000e+00)
( 0.00000000e+00)
( 0.00000000e+00)
( 0.00000000e+00)
( 0.00000000e+00)
( 0.00000000e+00)
( 0.00000000e+00)
( 0.00000000e+00)
( 0.00000000e+00)
( 0.00000000e+00)
( 0.00000000e+00)
( 0.00000000e+00)
( 0.00000000e+00)
( 0.00000000e+00)
( 0.00000000e+00)
( 0.00000000e+00)
( 0.00000000e+00)
( 0.00000000e+00)
( 0.00000000e+00)
( 0.00000000e+00)
( 0.00000000e+00)
( 0.00000000e+00)
( 0.00000000e+00)
( 0.00000000e+00)
( 0.00000000e+00)
( 0.00000000e+00)
( 0.00000000e+00)
( 0.00000000e+00)
( 0.00000000e+00)
( 0.00000000e+00)
( 0.00000000e+00)
( 0.00000000e+00)
( 0.00000000e+00)
( 0.00000000e+00)
( 0.00000000e+00)
( 0.00000000e+00)
( 0.00000000e+00)
( 0.00000000e+00)
( 0.00000000e+00)
( 0.00000000e+00)
( 0.00000000e+00)
( 0.00000000e+00)
( 0.00000000e+00)
( 0.00000000e+00)
( 0.00000000e+00)
( 0.00000000e+00)
( 0.00000000e+00)
( 0.00000000e+00)
( 0.00000000e+00)
( 0.00000000e+00)
( 0.00000000e+00)
( 0.00000000e+00)
( 0.00000000e+00)
( 0.00000000e+00)
);
